портал 0.005023796932839768 4.770684624465665 0.023966950783936448
текущие 0.005023796932839768 4.770684624465665 0.023966950783936448
события 0.009518773135906928 4.90527477843843 0.04669219778524153
википедия 0.0031729243786356425 4.709530201312334 0.01494298318766473
январь 0.010047593865679535 4.919980925828125 0.04943397016961099
февраль 0.01110523532522475 4.948759890378168 0.054957143150682994
март 0.010047593865679535 4.919980925828125 0.04943397016961099
апрель 0.00978318350079323 4.912654885736052 0.0480614042232242
май 0.010312004230565839 4.927253685157205 0.050809860846412216
июнь 0.00978318350079323 4.912654885736052 0.0480614042232242
июль 0.00978318350079323 4.912654885736052 0.0480614042232242
август 0.00978318350079323 4.912654885736052 0.0480614042232242
сентябрь 0.00978318350079323 4.912654885736052 0.0480614042232242
октябрь 0.00978318350079323 4.912654885736052 0.0480614042232242
ноябрь 0.00978318350079323 4.912654885736052 0.0480614042232242
декабрь 0.00978318350079323 4.912654885736052 0.0480614042232242
портал 0.005023796932839768 4.770684624465665 0.023966950783936448
портал 0.005023796932839768 4.770684624465665 0.023966950783936448
текущие 0.005023796932839768 4.770684624465665 0.023966950783936448
события 0.009518773135906928 4.90527477843843 0.04669219778524153
порталы 0.0007932310946589106 4.624972813284271 0.0036686722474491835
википедия 0.0031729243786356425 4.709530201312334 0.01494298318766473
содержание 0.0010576414595452142 4.634728988229636 0.004901881531707706
википедии 0.0026441036488630354 4.6913478822291435 0.012404410053487951
портал 0.005023796932839768 4.770684624465665 0.023966950783936448
русский 0.0005288207297726071 4.61512051684126 0.0024405713997045267
портал 0.005023796932839768 4.770684624465665 0.023966950783936448
текущие 0.005023796932839768 4.770684624465665 0.023966950783936448
события 0.009518773135906928 4.90527477843843 0.04669219778524153
википедия 0.0031729243786356425 4.709530201312334 0.01494298318766473
википедия 0.0031729243786356425 4.709530201312334 0.01494298318766473
портал 0.005023796932839768 4.770684624465665 0.023966950783936448
текущие 0.005023796932839768 4.770684624465665 0.023966950783936448
события 0.009518773135906928 4.90527477843843 0.04669219778524153
википедии 0.0026441036488630354 4.6913478822291435 0.012404410053487951
страницы 0.003966155473294554 4.736198448394496 0.018784499398709003
требуют 0.00026441036488630354 0 0.0
проверки 0.00026441036488630354 0 0.0
версия 0.0026441036488630354 4.6913478822291435 0.012404410053487951
страницы 0.003966155473294554 4.736198448394496 0.018784499398709003
это 0.0010576414595452142 4.634728988229636 0.004901881531707706
википедия 0.0031729243786356425 4.709530201312334 0.01494298318766473
версия 0.0026441036488630354 4.6913478822291435 0.012404410053487951
февраля 0.03278688524590164 5.407171771460119 0.1772843203757416
перейти 0.0021152829190904283 4.672828834461906 0.009884355017370504
навигации 0.00026441036488630354 0 0.0
перейти 0.0021152829190904283 4.672828834461906 0.009884355017370504
поиску 0.00026441036488630354 0 0.0
февраля 0.03278688524590164 5.407171771460119 0.1772843203757416
февраля 0.03278688524590164 5.407171771460119 0.1772843203757416
портал 0.005023796932839768 4.770684624465665 0.023966950783936448
текущие 0.005023796932839768 4.770684624465665 0.023966950783936448
события 0.009518773135906928 4.90527477843843 0.04669219778524153
служебная 0.0013220518244315177 4.6443908991413725 0.006140125461582989
текущие 0.005023796932839768 4.770684624465665 0.023966950783936448
события 0.009518773135906928 4.90527477843843 0.04669219778524153
страницы 0.003966155473294554 4.736198448394496 0.018784499398709003
январь 0.010047593865679535 4.919980925828125 0.04943397016961099
март 0.010047593865679535 4.919980925828125 0.04943397016961099
февраль 0.01110523532522475 4.948759890378168 0.054957143150682994
февраль 0.01110523532522475 4.948759890378168 0.054957143150682994
пн 0.00026441036488630354 0 0.0
вт 0.00026441036488630354 0 0.0
ср 0.00026441036488630354 0 0.0
чт 0.00026441036488630354 0 0.0
пт 0.00026441036488630354 0 0.0
сб 0.00026441036488630354 0 0.0
вс 0.00026441036488630354 0 0.0
февраля 0.03278688524590164 5.407171771460119 0.1772843203757416
февраля 0.03278688524590164 5.407171771460119 0.1772843203757416
февраля 0.03278688524590164 5.407171771460119 0.1772843203757416
февраля 0.03278688524590164 5.407171771460119 0.1772843203757416
февраля 0.03278688524590164 5.407171771460119 0.1772843203757416
февраля 0.03278688524590164 5.407171771460119 0.1772843203757416
февраля 0.03278688524590164 5.407171771460119 0.1772843203757416
февраля 0.03278688524590164 5.407171771460119 0.1772843203757416
февраля 0.03278688524590164 5.407171771460119 0.1772843203757416
февраля 0.03278688524590164 5.407171771460119 0.1772843203757416
февраля 0.03278688524590164 5.407171771460119 0.1772843203757416
февраля 0.03278688524590164 5.407171771460119 0.1772843203757416
февраля 0.03278688524590164 5.407171771460119 0.1772843203757416
февраля 0.03278688524590164 5.407171771460119 0.1772843203757416
февраля 0.03278688524590164 5.407171771460119 0.1772843203757416
февраля 0.03278688524590164 5.407171771460119 0.1772843203757416
февраля 0.03278688524590164 5.407171771460119 0.1772843203757416
февраля 0.03278688524590164 5.407171771460119 0.1772843203757416
февраля 0.03278688524590164 5.407171771460119 0.1772843203757416
февраля 0.03278688524590164 5.407171771460119 0.1772843203757416
февраля 0.03278688524590164 5.407171771460119 0.1772843203757416
февраля 0.03278688524590164 5.407171771460119 0.1772843203757416
февраля 0.03278688524590164 5.407171771460119 0.1772843203757416
февраля 0.03278688524590164 5.407171771460119 0.1772843203757416
февраля 0.03278688524590164 5.407171771460119 0.1772843203757416
февраля 0.03278688524590164 5.407171771460119 0.1772843203757416
февраля 0.03278688524590164 5.407171771460119 0.1772843203757416
февраля 0.03278688524590164 5.407171771460119 0.1772843203757416
спорт 0.0021152829190904283 4.672828834461906 0.009884355017370504
музыка 0.00026441036488630354 0 0.0
область 0.0005288207297726071 4.61512051684126 0.0024405713997045267
доз 0.0005288207297726071 4.61512051684126 0.0024405713997045267
область 0.0005288207297726071 4.61512051684126 0.0024405713997045267
доз 0.0005288207297726071 4.61512051684126 0.0024405713997045267
события 0.009518773135906928 4.90527477843843 0.04669219778524153
события 0.009518773135906928 4.90527477843843 0.04669219778524153
представили 0.0005288207297726071 4.61512051684126 0.0024405713997045267
представили 0.0005288207297726071 4.61512051684126 0.0024405713997045267
события 0.009518773135906928 4.90527477843843 0.04669219778524153
события 0.009518773135906928 4.90527477843843 0.04669219778524153
события 0.009518773135906928 4.90527477843843 0.04669219778524153
события 0.009518773135906928 4.90527477843843 0.04669219778524153
май 0.010312004230565839 4.927253685157205 0.050809860846412216
сергей 0.0005288207297726071 4.61512051684126 0.0024405713997045267
май 0.010312004230565839 4.927253685157205 0.050809860846412216
сергей 0.0005288207297726071 4.61512051684126 0.0024405713997045267
события 0.009518773135906928 4.90527477843843 0.04669219778524153
события 0.009518773135906928 4.90527477843843 0.04669219778524153
шаблон 0.002908514013749339 4.700480365792417 0.013671413015260862
просмотр 0.002379693283976732 4.68213122712422 0.011142036235885241
шаблона 0.002379693283976732 4.68213122712422 0.011142036235885241
просмотр 0.002379693283976732 4.68213122712422 0.011142036235885241
обсуждение 0.003966155473294554 4.736198448394496 0.018784499398709003
шаблона 0.002379693283976732 4.68213122712422 0.011142036235885241
обсуждение 0.003966155473294554 4.736198448394496 0.018784499398709003
шаблона 0.002379693283976732 4.68213122712422 0.011142036235885241
обсуждение 0.003966155473294554 4.736198448394496 0.018784499398709003
служебная 0.0013220518244315177 4.6443908991413725 0.006140125461582989
править 0.002379693283976732 4.68213122712422 0.011142036235885241
шаблон 0.002908514013749339 4.700480365792417 0.013671413015260862
править 0.002379693283976732 4.68213122712422 0.011142036235885241
февраль 0.01110523532522475 4.948759890378168 0.054957143150682994
список 0.002908514013749339 4.700480365792417 0.013671413015260862
недавно 0.0018508725542041248 4.663439094112067 0.008631431427494571
страница 0.007667900581702803 4.852030263919617 0.037204885683148836
отсутствует 0.005817028027498678 4.795790545596741 0.02789724801774942
версия 0.0026441036488630354 4.6913478822291435 0.012404410053487951
статьи 0.002379693283976732 4.68213122712422 0.011142036235885241
страница 0.007667900581702803 4.852030263919617 0.037204885683148836
отсутствует 0.005817028027498678 4.795790545596741 0.02789724801774942
версия 0.0026441036488630354 4.6913478822291435 0.012404410053487951
статьи 0.002379693283976732 4.68213122712422 0.011142036235885241
страница 0.007667900581702803 4.852030263919617 0.037204885683148836
отсутствует 0.005817028027498678 4.795790545596741 0.02789724801774942
версия 0.0026441036488630354 4.6913478822291435 0.012404410053487951
статьи 0.002379693283976732 4.68213122712422 0.011142036235885241
страница 0.007667900581702803 4.852030263919617 0.037204885683148836
отсутствует 0.005817028027498678 4.795790545596741 0.02789724801774942
версия 0.0026441036488630354 4.6913478822291435 0.012404410053487951
статьи 0.002379693283976732 4.68213122712422 0.011142036235885241
страница 0.007667900581702803 4.852030263919617 0.037204885683148836
отсутствует 0.005817028027498678 4.795790545596741 0.02789724801774942
версия 0.0026441036488630354 4.6913478822291435 0.012404410053487951
статьи 0.002379693283976732 4.68213122712422 0.011142036235885241
шаблон 0.002908514013749339 4.700480365792417 0.013671413015260862
список 0.002908514013749339 4.700480365792417 0.013671413015260862
недавно 0.0018508725542041248 4.663439094112067 0.008631431427494571
просмотр 0.002379693283976732 4.68213122712422 0.011142036235885241
шаблона 0.002379693283976732 4.68213122712422 0.011142036235885241
просмотр 0.002379693283976732 4.68213122712422 0.011142036235885241
обсуждение 0.003966155473294554 4.736198448394496 0.018784499398709003
шаблона 0.002379693283976732 4.68213122712422 0.011142036235885241
список 0.002908514013749339 4.700480365792417 0.013671413015260862
недавно 0.0018508725542041248 4.663439094112067 0.008631431427494571
обсуждение 0.003966155473294554 4.736198448394496 0.018784499398709003
шаблона 0.002379693283976732 4.68213122712422 0.011142036235885241
обсуждение 0.003966155473294554 4.736198448394496 0.018784499398709003
служебная 0.0013220518244315177 4.6443908991413725 0.006140125461582989
список 0.002908514013749339 4.700480365792417 0.013671413015260862
недавно 0.0018508725542041248 4.663439094112067 0.008631431427494571
править 0.002379693283976732 4.68213122712422 0.011142036235885241
шаблон 0.002908514013749339 4.700480365792417 0.013671413015260862
править 0.002379693283976732 4.68213122712422 0.011142036235885241
другие 0.00026441036488630354 0 0.0
ссылки 0.0010576414595452142 4.634728988229636 0.004901881531707706
категория 0.0013220518244315177 4.6443908991413725 0.006140125461582989
текущие 0.005023796932839768 4.770684624465665 0.023966950783936448
события 0.009518773135906928 4.90527477843843 0.04669219778524153
категория 0.0013220518244315177 4.6443908991413725 0.006140125461582989
текущие 0.005023796932839768 4.770684624465665 0.023966950783936448
события 0.009518773135906928 4.90527477843843 0.04669219778524153
категория 0.0013220518244315177 4.6443908991413725 0.006140125461582989
февраль 0.01110523532522475 4.948759890378168 0.054957143150682994
события 0.009518773135906928 4.90527477843843 0.04669219778524153
события 0.009518773135906928 4.90527477843843 0.04669219778524153
проект 0.0015864621893178213 4.653960350157523 0.007383332126109238
текущие 0.005023796932839768 4.770684624465665 0.023966950783936448
события 0.009518773135906928 4.90527477843843 0.04669219778524153
проект 0.0015864621893178213 4.653960350157523 0.007383332126109238
текущие 0.005023796932839768 4.770684624465665 0.023966950783936448
события 0.009518773135906928 4.90527477843843 0.04669219778524153
проект 0.0015864621893178213 4.653960350157523 0.007383332126109238
перевод 0.0005288207297726071 4.61512051684126 0.0024405713997045267
запросы 0.0005288207297726071 4.61512051684126 0.0024405713997045267
перевод 0.0005288207297726071 4.61512051684126 0.0024405713997045267
википедия 0.0031729243786356425 4.709530201312334 0.01494298318766473
к 0.00026441036488630354 0 0.0
созданию 0.00026441036488630354 0 0.0
запросы 0.0005288207297726071 4.61512051684126 0.0024405713997045267
проект 0.0015864621893178213 4.653960350157523 0.007383332126109238
википедия 0.0031729243786356425 4.709530201312334 0.01494298318766473
история 0.0007932310946589106 4.624972813284271 0.0036686722474491835
текущие 0.005023796932839768 4.770684624465665 0.023966950783936448
события 0.009518773135906928 4.90527477843843 0.04669219778524153
википедии 0.0026441036488630354 4.6913478822291435 0.012404410053487951
википедия 0.0031729243786356425 4.709530201312334 0.01494298318766473
события 0.009518773135906928 4.90527477843843 0.04669219778524153
шаблон 0.002908514013749339 4.700480365792417 0.013671413015260862
текущие 0.005023796932839768 4.770684624465665 0.023966950783936448
события 0.009518773135906928 4.90527477843843 0.04669219778524153
странице 0.0013220518244315177 4.6443908991413725 0.006140125461582989
просмотр 0.002379693283976732 4.68213122712422 0.011142036235885241
страницы 0.003966155473294554 4.736198448394496 0.018784499398709003
просмотр 0.002379693283976732 4.68213122712422 0.011142036235885241
обсуждение 0.003966155473294554 4.736198448394496 0.018784499398709003
шаблона 0.002379693283976732 4.68213122712422 0.011142036235885241
текущие 0.005023796932839768 4.770684624465665 0.023966950783936448
события 0.009518773135906928 4.90527477843843 0.04669219778524153
странице 0.0013220518244315177 4.6443908991413725 0.006140125461582989
обсуждение 0.003966155473294554 4.736198448394496 0.018784499398709003
шаблона 0.002379693283976732 4.68213122712422 0.011142036235885241
обсуждение 0.003966155473294554 4.736198448394496 0.018784499398709003
правка 0.0007932310946589106 4.624972813284271 0.0036686722474491835
шаблона 0.002379693283976732 4.68213122712422 0.011142036235885241
править 0.002379693283976732 4.68213122712422 0.011142036235885241
википедия 0.0031729243786356425 4.709530201312334 0.01494298318766473
текущие 0.005023796932839768 4.770684624465665 0.023966950783936448
события 0.009518773135906928 4.90527477843843 0.04669219778524153
добавить 0.0007932310946589106 4.624972813284271 0.0036686722474491835
список 0.002908514013749339 4.700480365792417 0.013671413015260862
недавно 0.0018508725542041248 4.663439094112067 0.008631431427494571
по 0.00026441036488630354 0 0.0
мере 0.0005288207297726071 4.61512051684126 0.0024405713997045267
на 0.002908514013749339 4.700480365792417 0.013671413015260862
на 0.002908514013749339 4.700480365792417 0.013671413015260862
отмечен 0.00026441036488630354 0 0.0
в 0.00978318350079323 4.912654885736052 0.0480614042232242
мире 0.0005288207297726071 4.61512051684126 0.0024405713997045267
человек 0.004759386567953464 4.762173934797756 0.022665026659534536
на 0.002908514013749339 4.700480365792417 0.013671413015260862
на 0.002908514013749339 4.700480365792417 0.013671413015260862
на 0.002908514013749339 4.700480365792417 0.013671413015260862
в 0.00978318350079323 4.912654885736052 0.0480614042232242
человек 0.004759386567953464 4.762173934797756 0.022665026659534536
заглавная 0.0005288207297726071 4.61512051684126 0.0024405713997045267
страница 0.007667900581702803 4.852030263919617 0.037204885683148836
февраль 0.01110523532522475 4.948759890378168 0.054957143150682994
список 0.002908514013749339 4.700480365792417 0.013671413015260862
недавно 0.0018508725542041248 4.663439094112067 0.008631431427494571
проект 0.0015864621893178213 4.653960350157523 0.007383332126109238
текущие 0.005023796932839768 4.770684624465665 0.023966950783936448
события 0.009518773135906928 4.90527477843843 0.04669219778524153
проект 0.0015864621893178213 4.653960350157523 0.007383332126109238
в 0.00978318350079323 4.912654885736052 0.0480614042232242
свои 0.00026441036488630354 0 0.0
добавить 0.0007932310946589106 4.624972813284271 0.0036686722474491835
нам 0.00026441036488630354 0 0.0
последние 0.0005288207297726071 4.61512051684126 0.0024405713997045267
события 0.009518773135906928 4.90527477843843 0.04669219778524153
портал 0.005023796932839768 4.770684624465665 0.023966950783936448
текущие 0.005023796932839768 4.770684624465665 0.023966950783936448
события 0.009518773135906928 4.90527477843843 0.04669219778524153
просмотр 0.002379693283976732 4.68213122712422 0.011142036235885241
страницы 0.003966155473294554 4.736198448394496 0.018784499398709003
просмотр 0.002379693283976732 4.68213122712422 0.011142036235885241
обсуждение 0.003966155473294554 4.736198448394496 0.018784499398709003
портала 0.00026441036488630354 0 0.0
текущие 0.005023796932839768 4.770684624465665 0.023966950783936448
события 0.009518773135906928 4.90527477843843 0.04669219778524153
обсуждение 0.003966155473294554 4.736198448394496 0.018784499398709003
страницы 0.003966155473294554 4.736198448394496 0.018784499398709003
обсуждение 0.003966155473294554 4.736198448394496 0.018784499398709003
правка 0.0007932310946589106 4.624972813284271 0.0036686722474491835
страницы 0.003966155473294554 4.736198448394496 0.018784499398709003
история 0.0007932310946589106 4.624972813284271 0.0036686722474491835
правка 0.0007932310946589106 4.624972813284271 0.0036686722474491835
страницы 0.003966155473294554 4.736198448394496 0.018784499398709003
править 0.002379693283976732 4.68213122712422 0.011142036235885241
добавить 0.0007932310946589106 4.624972813284271 0.0036686722474491835
запись 0.0007932310946589106 4.624972813284271 0.0036686722474491835
события 0.009518773135906928 4.90527477843843 0.04669219778524153
см 0.0007932310946589106 4.624972813284271 0.0036686722474491835
также 0.0007932310946589106 4.624972813284271 0.0036686722474491835
см 0.0007932310946589106 4.624972813284271 0.0036686722474491835
также 0.0007932310946589106 4.624972813284271 0.0036686722474491835
февраля 0.03278688524590164 5.407171771460119 0.1772843203757416
февраля 0.03278688524590164 5.407171771460119 0.1772843203757416
февраля 0.03278688524590164 5.407171771460119 0.1772843203757416
лучшим 0.00026441036488630354 0 0.0
футбол 0.00026441036488630354 0 0.0
февраля 0.03278688524590164 5.407171771460119 0.1772843203757416
февраля 0.03278688524590164 5.407171771460119 0.1772843203757416
на 0.002908514013749339 4.700480365792417 0.013671413015260862
которые 0.0005288207297726071 4.61512051684126 0.0024405713997045267
мест 0.00026441036488630354 0 0.0
в 0.00978318350079323 4.912654885736052 0.0480614042232242
февраля 0.03278688524590164 5.407171771460119 0.1772843203757416
февраля 0.03278688524590164 5.407171771460119 0.1772843203757416
человек 0.004759386567953464 4.762173934797756 0.022665026659534536
человек 0.004759386567953464 4.762173934797756 0.022665026659534536
спорт 0.0021152829190904283 4.672828834461906 0.009884355017370504
февраля 0.03278688524590164 5.407171771460119 0.1772843203757416
февраля 0.03278688524590164 5.407171771460119 0.1772843203757416
спорт 0.0021152829190904283 4.672828834461906 0.009884355017370504
февраля 0.03278688524590164 5.407171771460119 0.1772843203757416
февраля 0.03278688524590164 5.407171771460119 0.1772843203757416
в 0.00978318350079323 4.912654885736052 0.0480614042232242
в 0.00978318350079323 4.912654885736052 0.0480614042232242
менее 0.0007932310946589106 4.624972813284271 0.0036686722474491835
человек 0.004759386567953464 4.762173934797756 0.022665026659534536
всего 0.00026441036488630354 0 0.0
с 0.00026441036488630354 0 0.0
в 0.00978318350079323 4.912654885736052 0.0480614042232242
пуск 0.00026441036488630354 0 0.0
помощи 0.00026441036488630354 0 0.0
алек 0.00026441036488630354 0 0.0
спорт 0.0021152829190904283 4.672828834461906 0.009884355017370504
в 0.00978318350079323 4.912654885736052 0.0480614042232242
участники 0.0005288207297726071 4.61512051684126 0.0024405713997045267
февраля 0.03278688524590164 5.407171771460119 0.1772843203757416
февраля 0.03278688524590164 5.407171771460119 0.1772843203757416
век 0.00026441036488630354 0 0.0
в 0.00978318350079323 4.912654885736052 0.0480614042232242
министр 0.0005288207297726071 4.61512051684126 0.0024405713997045267
на 0.002908514013749339 4.700480365792417 0.013671413015260862
в 0.00978318350079323 4.912654885736052 0.0480614042232242
в 0.00978318350079323 4.912654885736052 0.0480614042232242
области 0.0010576414595452142 4.634728988229636 0.004901881531707706
рф 0.0005288207297726071 4.61512051684126 0.0024405713997045267
пространство 0.00026441036488630354 0 0.0
министр 0.0005288207297726071 4.61512051684126 0.0024405713997045267
дел 0.0005288207297726071 4.61512051684126 0.0024405713997045267
политик 0.00026441036488630354 0 0.0
спорт 0.0021152829190904283 4.672828834461906 0.009884355017370504
футбольный 0.0005288207297726071 4.61512051684126 0.0024405713997045267
клуб 0.0013220518244315177 4.6443908991413725 0.006140125461582989
ди 0.0007932310946589106 4.624972813284271 0.0036686722474491835
ди 0.0007932310946589106 4.624972813284271 0.0036686722474491835
футбольный 0.0005288207297726071 4.61512051684126 0.0024405713997045267
клуб 0.0013220518244315177 4.6443908991413725 0.006140125461582989
друг 0.00026441036488630354 0 0.0
в 0.00978318350079323 4.912654885736052 0.0480614042232242
в 0.00978318350079323 4.912654885736052 0.0480614042232242
в 0.00978318350079323 4.912654885736052 0.0480614042232242
рот 0.0005288207297726071 4.61512051684126 0.0024405713997045267
страница 0.007667900581702803 4.852030263919617 0.037204885683148836
отсутствует 0.005817028027498678 4.795790545596741 0.02789724801774942
рот 0.0005288207297726071 4.61512051684126 0.0024405713997045267
февраля 0.03278688524590164 5.407171771460119 0.1772843203757416
февраля 0.03278688524590164 5.407171771460119 0.1772843203757416
в 0.00978318350079323 4.912654885736052 0.0480614042232242
менее 0.0007932310946589106 4.624972813284271 0.0036686722474491835
в 0.00978318350079323 4.912654885736052 0.0480614042232242
февраля 0.03278688524590164 5.407171771460119 0.1772843203757416
владимир 0.0010576414595452142 4.634728988229636 0.004901881531707706
владимир 0.0010576414595452142 4.634728988229636 0.004901881531707706
дел 0.0005288207297726071 4.61512051684126 0.0024405713997045267
рф 0.0005288207297726071 4.61512051684126 0.0024405713997045267
участников 0.0005288207297726071 4.61512051684126 0.0024405713997045267
человек 0.004759386567953464 4.762173934797756 0.022665026659534536
в 0.00978318350079323 4.912654885736052 0.0480614042232242
человек 0.004759386567953464 4.762173934797756 0.022665026659534536
февраля 0.03278688524590164 5.407171771460119 0.1772843203757416
февраля 0.03278688524590164 5.407171771460119 0.1772843203757416
части 0.0005288207297726071 4.61512051684126 0.0024405713997045267
могут 0.0005288207297726071 4.61512051684126 0.0024405713997045267
в 0.00978318350079323 4.912654885736052 0.0480614042232242
в 0.00978318350079323 4.912654885736052 0.0480614042232242
новых 0.00026441036488630354 0 0.0
человек 0.004759386567953464 4.762173934797756 0.022665026659534536
владимир 0.0010576414595452142 4.634728988229636 0.004901881531707706
указа 0.00026441036488630354 0 0.0
владимир 0.0010576414595452142 4.634728988229636 0.004901881531707706
у 0.0005288207297726071 4.61512051684126 0.0024405713997045267
на 0.002908514013749339 4.700480365792417 0.013671413015260862
спорт 0.0021152829190904283 4.672828834461906 0.009884355017370504
в 0.00978318350079323 4.912654885736052 0.0480614042232242
в 0.00978318350079323 4.912654885736052 0.0480614042232242
февраля 0.03278688524590164 5.407171771460119 0.1772843203757416
февраля 0.03278688524590164 5.407171771460119 0.1772843203757416
в 0.00978318350079323 4.912654885736052 0.0480614042232242
работ 0.00026441036488630354 0 0.0
человек 0.004759386567953464 4.762173934797756 0.022665026659534536
области 0.0010576414595452142 4.634728988229636 0.004901881531707706
правил 0.00026441036488630354 0 0.0
февраля 0.03278688524590164 5.407171771460119 0.1772843203757416
февраля 0.03278688524590164 5.407171771460119 0.1772843203757416
в 0.00978318350079323 4.912654885736052 0.0480614042232242
в 0.00978318350079323 4.912654885736052 0.0480614042232242
менее 0.0007932310946589106 4.624972813284271 0.0036686722474491835
человек 0.004759386567953464 4.762173934797756 0.022665026659534536
спорт 0.0021152829190904283 4.672828834461906 0.009884355017370504
в 0.00978318350079323 4.912654885736052 0.0480614042232242
в 0.00978318350079323 4.912654885736052 0.0480614042232242
во 0.00026441036488630354 0 0.0
в 0.00978318350079323 4.912654885736052 0.0480614042232242
в 0.00978318350079323 4.912654885736052 0.0480614042232242
клуб 0.0013220518244315177 4.6443908991413725 0.006140125461582989
человек 0.004759386567953464 4.762173934797756 0.022665026659534536
числе 0.00026441036488630354 0 0.0
человек 0.004759386567953464 4.762173934797756 0.022665026659534536
ещё 0.0005288207297726071 4.61512051684126 0.0024405713997045267
в 0.00978318350079323 4.912654885736052 0.0480614042232242
район 0.00026441036488630354 0 0.0
части 0.0005288207297726071 4.61512051684126 0.0024405713997045267
февраля 0.03278688524590164 5.407171771460119 0.1772843203757416
февраля 0.03278688524590164 5.407171771460119 0.1772843203757416
спорт 0.0021152829190904283 4.672828834461906 0.009884355017370504
клуб 0.0013220518244315177 4.6443908991413725 0.006140125461582989
клуб 0.0013220518244315177 4.6443908991413725 0.006140125461582989
в 0.00978318350079323 4.912654885736052 0.0480614042232242
город 0.00026441036488630354 0 0.0
все 0.00026441036488630354 0 0.0
примечания 0.0007932310946589106 4.624972813284271 0.0036686722474491835
примечания 0.0007932310946589106 4.624972813284271 0.0036686722474491835
в 0.00978318350079323 4.912654885736052 0.0480614042232242
февраля 0.03278688524590164 5.407171771460119 0.1772843203757416
февраля 0.03278688524590164 5.407171771460119 0.1772843203757416
февраля 0.03278688524590164 5.407171771460119 0.1772843203757416
февраля 0.03278688524590164 5.407171771460119 0.1772843203757416
февраля 0.03278688524590164 5.407171771460119 0.1772843203757416
февраля 0.03278688524590164 5.407171771460119 0.1772843203757416
как 0.0005288207297726071 4.61512051684126 0.0024405713997045267
войны 0.00026441036488630354 0 0.0
это 0.0010576414595452142 4.634728988229636 0.004901881531707706
февраля 0.03278688524590164 5.407171771460119 0.1772843203757416
февраля 0.03278688524590164 5.407171771460119 0.1772843203757416
февраля 0.03278688524590164 5.407171771460119 0.1772843203757416
февраля 0.03278688524590164 5.407171771460119 0.1772843203757416
февраля 0.03278688524590164 5.407171771460119 0.1772843203757416
февраля 0.03278688524590164 5.407171771460119 0.1772843203757416
февраля 0.03278688524590164 5.407171771460119 0.1772843203757416
февраля 0.03278688524590164 5.407171771460119 0.1772843203757416
участники 0.0005288207297726071 4.61512051684126 0.0024405713997045267
февраля 0.03278688524590164 5.407171771460119 0.1772843203757416
февраля 0.03278688524590164 5.407171771460119 0.1772843203757416
в 0.00978318350079323 4.912654885736052 0.0480614042232242
самое 0.00026441036488630354 0 0.0
на 0.002908514013749339 4.700480365792417 0.013671413015260862
в 0.00978318350079323 4.912654885736052 0.0480614042232242
области 0.0010576414595452142 4.634728988229636 0.004901881531707706
февраля 0.03278688524590164 5.407171771460119 0.1772843203757416
февраля 0.03278688524590164 5.407171771460119 0.1772843203757416
февраля 0.03278688524590164 5.407171771460119 0.1772843203757416
февраля 0.03278688524590164 5.407171771460119 0.1772843203757416
ди 0.0007932310946589106 4.624972813284271 0.0036686722474491835
февраля 0.03278688524590164 5.407171771460119 0.1772843203757416
февраля 0.03278688524590164 5.407171771460119 0.1772843203757416
февраля 0.03278688524590164 5.407171771460119 0.1772843203757416
февраля 0.03278688524590164 5.407171771460119 0.1772843203757416
февраля 0.03278688524590164 5.407171771460119 0.1772843203757416
февраля 0.03278688524590164 5.407171771460119 0.1772843203757416
февраля 0.03278688524590164 5.407171771460119 0.1772843203757416
февраля 0.03278688524590164 5.407171771460119 0.1772843203757416
февраля 0.03278688524590164 5.407171771460119 0.1772843203757416
февраля 0.03278688524590164 5.407171771460119 0.1772843203757416
у 0.0005288207297726071 4.61512051684126 0.0024405713997045267
февраля 0.03278688524590164 5.407171771460119 0.1772843203757416
февраля 0.03278688524590164 5.407171771460119 0.1772843203757416
февраля 0.03278688524590164 5.407171771460119 0.1772843203757416
февраля 0.03278688524590164 5.407171771460119 0.1772843203757416
февраля 0.03278688524590164 5.407171771460119 0.1772843203757416
февраля 0.03278688524590164 5.407171771460119 0.1772843203757416
риа 0.0010576414595452142 4.634728988229636 0.004901881531707706
февраля 0.03278688524590164 5.407171771460119 0.1772843203757416
февраля 0.03278688524590164 5.407171771460119 0.1772843203757416
в 0.00978318350079323 4.912654885736052 0.0480614042232242
февраля 0.03278688524590164 5.407171771460119 0.1772843203757416
февраля 0.03278688524590164 5.407171771460119 0.1772843203757416
человек 0.004759386567953464 4.762173934797756 0.022665026659534536
при 0.00026441036488630354 0 0.0
мере 0.0005288207297726071 4.61512051684126 0.0024405713997045267
человек 0.004759386567953464 4.762173934797756 0.022665026659534536
уровня 0.00026441036488630354 0 0.0
что 0.00026441036488630354 0 0.0
человек 0.004759386567953464 4.762173934797756 0.022665026659534536
указ 0.00026441036488630354 0 0.0
риа 0.0010576414595452142 4.634728988229636 0.004901881531707706
февраля 0.03278688524590164 5.407171771460119 0.1772843203757416
февраля 0.03278688524590164 5.407171771460119 0.1772843203757416
россия 0.00026441036488630354 0 0.0
участие 0.0005288207297726071 4.61512051684126 0.0024405713997045267
февраля 0.03278688524590164 5.407171771460119 0.1772843203757416
февраля 0.03278688524590164 5.407171771460119 0.1772843203757416
на 0.002908514013749339 4.700480365792417 0.013671413015260862
февраля 0.03278688524590164 5.407171771460119 0.1772843203757416
февраля 0.03278688524590164 5.407171771460119 0.1772843203757416
риа 0.0010576414595452142 4.634728988229636 0.004901881531707706
февраля 0.03278688524590164 5.407171771460119 0.1772843203757416
февраля 0.03278688524590164 5.407171771460119 0.1772843203757416
вас 0.00026441036488630354 0 0.0
мир 0.00026441036488630354 0 0.0
февраля 0.03278688524590164 5.407171771460119 0.1772843203757416
февраля 0.03278688524590164 5.407171771460119 0.1772843203757416
в 0.00978318350079323 4.912654885736052 0.0480614042232242
в 0.00978318350079323 4.912654885736052 0.0480614042232242
человек 0.004759386567953464 4.762173934797756 0.022665026659534536
области 0.0010576414595452142 4.634728988229636 0.004901881531707706
февраля 0.03278688524590164 5.407171771460119 0.1772843203757416
февраля 0.03278688524590164 5.407171771460119 0.1772843203757416
риа 0.0010576414595452142 4.634728988229636 0.004901881531707706
февраля 0.03278688524590164 5.407171771460119 0.1772843203757416
февраля 0.03278688524590164 5.407171771460119 0.1772843203757416
февраля 0.03278688524590164 5.407171771460119 0.1772843203757416
февраля 0.03278688524590164 5.407171771460119 0.1772843203757416
бе 0.00026441036488630354 0 0.0
человек 0.004759386567953464 4.762173934797756 0.022665026659534536
февраля 0.03278688524590164 5.407171771460119 0.1772843203757416
февраля 0.03278688524590164 5.407171771460119 0.1772843203757416
февраля 0.03278688524590164 5.407171771460119 0.1772843203757416
февраля 0.03278688524590164 5.407171771460119 0.1772843203757416
февраля 0.03278688524590164 5.407171771460119 0.1772843203757416
февраля 0.03278688524590164 5.407171771460119 0.1772843203757416
в 0.00978318350079323 4.912654885736052 0.0480614042232242
человек 0.004759386567953464 4.762173934797756 0.022665026659534536
февраля 0.03278688524590164 5.407171771460119 0.1772843203757416
февраля 0.03278688524590164 5.407171771460119 0.1772843203757416
февраля 0.03278688524590164 5.407171771460119 0.1772843203757416
февраля 0.03278688524590164 5.407171771460119 0.1772843203757416
февраля 0.03278688524590164 5.407171771460119 0.1772843203757416
февраля 0.03278688524590164 5.407171771460119 0.1772843203757416
события 0.009518773135906928 4.90527477843843 0.04669219778524153
перейти 0.0021152829190904283 4.672828834461906 0.009884355017370504
события 0.009518773135906928 4.90527477843843 0.04669219778524153
перейти 0.0021152829190904283 4.672828834461906 0.009884355017370504
события 0.009518773135906928 4.90527477843843 0.04669219778524153
события 0.009518773135906928 4.90527477843843 0.04669219778524153
январь 0.010047593865679535 4.919980925828125 0.04943397016961099
страница 0.007667900581702803 4.852030263919617 0.037204885683148836
отсутствует 0.005817028027498678 4.795790545596741 0.02789724801774942
январь 0.010047593865679535 4.919980925828125 0.04943397016961099
февраль 0.01110523532522475 4.948759890378168 0.054957143150682994
февраль 0.01110523532522475 4.948759890378168 0.054957143150682994
март 0.010047593865679535 4.919980925828125 0.04943397016961099
март 0.010047593865679535 4.919980925828125 0.04943397016961099
апрель 0.00978318350079323 4.912654885736052 0.0480614042232242
апрель 0.00978318350079323 4.912654885736052 0.0480614042232242
май 0.010312004230565839 4.927253685157205 0.050809860846412216
страница 0.007667900581702803 4.852030263919617 0.037204885683148836
отсутствует 0.005817028027498678 4.795790545596741 0.02789724801774942
май 0.010312004230565839 4.927253685157205 0.050809860846412216
июнь 0.00978318350079323 4.912654885736052 0.0480614042232242
страница 0.007667900581702803 4.852030263919617 0.037204885683148836
отсутствует 0.005817028027498678 4.795790545596741 0.02789724801774942
июнь 0.00978318350079323 4.912654885736052 0.0480614042232242
июль 0.00978318350079323 4.912654885736052 0.0480614042232242
страница 0.007667900581702803 4.852030263919617 0.037204885683148836
отсутствует 0.005817028027498678 4.795790545596741 0.02789724801774942
июль 0.00978318350079323 4.912654885736052 0.0480614042232242
август 0.00978318350079323 4.912654885736052 0.0480614042232242
страница 0.007667900581702803 4.852030263919617 0.037204885683148836
отсутствует 0.005817028027498678 4.795790545596741 0.02789724801774942
август 0.00978318350079323 4.912654885736052 0.0480614042232242
сентябрь 0.00978318350079323 4.912654885736052 0.0480614042232242
страница 0.007667900581702803 4.852030263919617 0.037204885683148836
отсутствует 0.005817028027498678 4.795790545596741 0.02789724801774942
сентябрь 0.00978318350079323 4.912654885736052 0.0480614042232242
октябрь 0.00978318350079323 4.912654885736052 0.0480614042232242
октябрь 0.00978318350079323 4.912654885736052 0.0480614042232242
ноябрь 0.00978318350079323 4.912654885736052 0.0480614042232242
ноябрь 0.00978318350079323 4.912654885736052 0.0480614042232242
декабрь 0.00978318350079323 4.912654885736052 0.0480614042232242
декабрь 0.00978318350079323 4.912654885736052 0.0480614042232242
январь 0.010047593865679535 4.919980925828125 0.04943397016961099
январь 0.010047593865679535 4.919980925828125 0.04943397016961099
февраль 0.01110523532522475 4.948759890378168 0.054957143150682994
февраль 0.01110523532522475 4.948759890378168 0.054957143150682994
март 0.010047593865679535 4.919980925828125 0.04943397016961099
март 0.010047593865679535 4.919980925828125 0.04943397016961099
апрель 0.00978318350079323 4.912654885736052 0.0480614042232242
апрель 0.00978318350079323 4.912654885736052 0.0480614042232242
май 0.010312004230565839 4.927253685157205 0.050809860846412216
май 0.010312004230565839 4.927253685157205 0.050809860846412216
июнь 0.00978318350079323 4.912654885736052 0.0480614042232242
июнь 0.00978318350079323 4.912654885736052 0.0480614042232242
июль 0.00978318350079323 4.912654885736052 0.0480614042232242
июль 0.00978318350079323 4.912654885736052 0.0480614042232242
август 0.00978318350079323 4.912654885736052 0.0480614042232242
август 0.00978318350079323 4.912654885736052 0.0480614042232242
сентябрь 0.00978318350079323 4.912654885736052 0.0480614042232242
сентябрь 0.00978318350079323 4.912654885736052 0.0480614042232242
октябрь 0.00978318350079323 4.912654885736052 0.0480614042232242
октябрь 0.00978318350079323 4.912654885736052 0.0480614042232242
ноябрь 0.00978318350079323 4.912654885736052 0.0480614042232242
ноябрь 0.00978318350079323 4.912654885736052 0.0480614042232242
декабрь 0.00978318350079323 4.912654885736052 0.0480614042232242
декабрь 0.00978318350079323 4.912654885736052 0.0480614042232242
январь 0.010047593865679535 4.919980925828125 0.04943397016961099
январь 0.010047593865679535 4.919980925828125 0.04943397016961099
февраль 0.01110523532522475 4.948759890378168 0.054957143150682994
февраль 0.01110523532522475 4.948759890378168 0.054957143150682994
март 0.010047593865679535 4.919980925828125 0.04943397016961099
март 0.010047593865679535 4.919980925828125 0.04943397016961099
апрель 0.00978318350079323 4.912654885736052 0.0480614042232242
апрель 0.00978318350079323 4.912654885736052 0.0480614042232242
май 0.010312004230565839 4.927253685157205 0.050809860846412216
май 0.010312004230565839 4.927253685157205 0.050809860846412216
июнь 0.00978318350079323 4.912654885736052 0.0480614042232242
июнь 0.00978318350079323 4.912654885736052 0.0480614042232242
июль 0.00978318350079323 4.912654885736052 0.0480614042232242
июль 0.00978318350079323 4.912654885736052 0.0480614042232242
август 0.00978318350079323 4.912654885736052 0.0480614042232242
август 0.00978318350079323 4.912654885736052 0.0480614042232242
сентябрь 0.00978318350079323 4.912654885736052 0.0480614042232242
сентябрь 0.00978318350079323 4.912654885736052 0.0480614042232242
октябрь 0.00978318350079323 4.912654885736052 0.0480614042232242
октябрь 0.00978318350079323 4.912654885736052 0.0480614042232242
ноябрь 0.00978318350079323 4.912654885736052 0.0480614042232242
ноябрь 0.00978318350079323 4.912654885736052 0.0480614042232242
декабрь 0.00978318350079323 4.912654885736052 0.0480614042232242
декабрь 0.00978318350079323 4.912654885736052 0.0480614042232242
январь 0.010047593865679535 4.919980925828125 0.04943397016961099
январь 0.010047593865679535 4.919980925828125 0.04943397016961099
февраль 0.01110523532522475 4.948759890378168 0.054957143150682994
февраль 0.01110523532522475 4.948759890378168 0.054957143150682994
март 0.010047593865679535 4.919980925828125 0.04943397016961099
март 0.010047593865679535 4.919980925828125 0.04943397016961099
апрель 0.00978318350079323 4.912654885736052 0.0480614042232242
апрель 0.00978318350079323 4.912654885736052 0.0480614042232242
май 0.010312004230565839 4.927253685157205 0.050809860846412216
май 0.010312004230565839 4.927253685157205 0.050809860846412216
июнь 0.00978318350079323 4.912654885736052 0.0480614042232242
июнь 0.00978318350079323 4.912654885736052 0.0480614042232242
июль 0.00978318350079323 4.912654885736052 0.0480614042232242
июль 0.00978318350079323 4.912654885736052 0.0480614042232242
август 0.00978318350079323 4.912654885736052 0.0480614042232242
август 0.00978318350079323 4.912654885736052 0.0480614042232242
сентябрь 0.00978318350079323 4.912654885736052 0.0480614042232242
сентябрь 0.00978318350079323 4.912654885736052 0.0480614042232242
октябрь 0.00978318350079323 4.912654885736052 0.0480614042232242
октябрь 0.00978318350079323 4.912654885736052 0.0480614042232242
ноябрь 0.00978318350079323 4.912654885736052 0.0480614042232242
ноябрь 0.00978318350079323 4.912654885736052 0.0480614042232242
декабрь 0.00978318350079323 4.912654885736052 0.0480614042232242
декабрь 0.00978318350079323 4.912654885736052 0.0480614042232242
январь 0.010047593865679535 4.919980925828125 0.04943397016961099
январь 0.010047593865679535 4.919980925828125 0.04943397016961099
февраль 0.01110523532522475 4.948759890378168 0.054957143150682994
февраль 0.01110523532522475 4.948759890378168 0.054957143150682994
март 0.010047593865679535 4.919980925828125 0.04943397016961099
март 0.010047593865679535 4.919980925828125 0.04943397016961099
апрель 0.00978318350079323 4.912654885736052 0.0480614042232242
апрель 0.00978318350079323 4.912654885736052 0.0480614042232242
май 0.010312004230565839 4.927253685157205 0.050809860846412216
май 0.010312004230565839 4.927253685157205 0.050809860846412216
июнь 0.00978318350079323 4.912654885736052 0.0480614042232242
июнь 0.00978318350079323 4.912654885736052 0.0480614042232242
июль 0.00978318350079323 4.912654885736052 0.0480614042232242
июль 0.00978318350079323 4.912654885736052 0.0480614042232242
август 0.00978318350079323 4.912654885736052 0.0480614042232242
август 0.00978318350079323 4.912654885736052 0.0480614042232242
сентябрь 0.00978318350079323 4.912654885736052 0.0480614042232242
сентябрь 0.00978318350079323 4.912654885736052 0.0480614042232242
октябрь 0.00978318350079323 4.912654885736052 0.0480614042232242
октябрь 0.00978318350079323 4.912654885736052 0.0480614042232242
ноябрь 0.00978318350079323 4.912654885736052 0.0480614042232242
ноябрь 0.00978318350079323 4.912654885736052 0.0480614042232242
декабрь 0.00978318350079323 4.912654885736052 0.0480614042232242
декабрь 0.00978318350079323 4.912654885736052 0.0480614042232242
январь 0.010047593865679535 4.919980925828125 0.04943397016961099
январь 0.010047593865679535 4.919980925828125 0.04943397016961099
февраль 0.01110523532522475 4.948759890378168 0.054957143150682994
февраль 0.01110523532522475 4.948759890378168 0.054957143150682994
март 0.010047593865679535 4.919980925828125 0.04943397016961099
март 0.010047593865679535 4.919980925828125 0.04943397016961099
апрель 0.00978318350079323 4.912654885736052 0.0480614042232242
апрель 0.00978318350079323 4.912654885736052 0.0480614042232242
май 0.010312004230565839 4.927253685157205 0.050809860846412216
май 0.010312004230565839 4.927253685157205 0.050809860846412216
июнь 0.00978318350079323 4.912654885736052 0.0480614042232242
июнь 0.00978318350079323 4.912654885736052 0.0480614042232242
июль 0.00978318350079323 4.912654885736052 0.0480614042232242
июль 0.00978318350079323 4.912654885736052 0.0480614042232242
август 0.00978318350079323 4.912654885736052 0.0480614042232242
август 0.00978318350079323 4.912654885736052 0.0480614042232242
сентябрь 0.00978318350079323 4.912654885736052 0.0480614042232242
сентябрь 0.00978318350079323 4.912654885736052 0.0480614042232242
октябрь 0.00978318350079323 4.912654885736052 0.0480614042232242
октябрь 0.00978318350079323 4.912654885736052 0.0480614042232242
ноябрь 0.00978318350079323 4.912654885736052 0.0480614042232242
ноябрь 0.00978318350079323 4.912654885736052 0.0480614042232242
декабрь 0.00978318350079323 4.912654885736052 0.0480614042232242
декабрь 0.00978318350079323 4.912654885736052 0.0480614042232242
январь 0.010047593865679535 4.919980925828125 0.04943397016961099
январь 0.010047593865679535 4.919980925828125 0.04943397016961099
февраль 0.01110523532522475 4.948759890378168 0.054957143150682994
февраль 0.01110523532522475 4.948759890378168 0.054957143150682994
март 0.010047593865679535 4.919980925828125 0.04943397016961099
март 0.010047593865679535 4.919980925828125 0.04943397016961099
апрель 0.00978318350079323 4.912654885736052 0.0480614042232242
апрель 0.00978318350079323 4.912654885736052 0.0480614042232242
май 0.010312004230565839 4.927253685157205 0.050809860846412216
май 0.010312004230565839 4.927253685157205 0.050809860846412216
июнь 0.00978318350079323 4.912654885736052 0.0480614042232242
июнь 0.00978318350079323 4.912654885736052 0.0480614042232242
июль 0.00978318350079323 4.912654885736052 0.0480614042232242
июль 0.00978318350079323 4.912654885736052 0.0480614042232242
август 0.00978318350079323 4.912654885736052 0.0480614042232242
август 0.00978318350079323 4.912654885736052 0.0480614042232242
сентябрь 0.00978318350079323 4.912654885736052 0.0480614042232242
сентябрь 0.00978318350079323 4.912654885736052 0.0480614042232242
октябрь 0.00978318350079323 4.912654885736052 0.0480614042232242
октябрь 0.00978318350079323 4.912654885736052 0.0480614042232242
ноябрь 0.00978318350079323 4.912654885736052 0.0480614042232242
ноябрь 0.00978318350079323 4.912654885736052 0.0480614042232242
декабрь 0.00978318350079323 4.912654885736052 0.0480614042232242
декабрь 0.00978318350079323 4.912654885736052 0.0480614042232242
январь 0.010047593865679535 4.919980925828125 0.04943397016961099
январь 0.010047593865679535 4.919980925828125 0.04943397016961099
февраль 0.01110523532522475 4.948759890378168 0.054957143150682994
февраль 0.01110523532522475 4.948759890378168 0.054957143150682994
март 0.010047593865679535 4.919980925828125 0.04943397016961099
март 0.010047593865679535 4.919980925828125 0.04943397016961099
апрель 0.00978318350079323 4.912654885736052 0.0480614042232242
апрель 0.00978318350079323 4.912654885736052 0.0480614042232242
май 0.010312004230565839 4.927253685157205 0.050809860846412216
май 0.010312004230565839 4.927253685157205 0.050809860846412216
июнь 0.00978318350079323 4.912654885736052 0.0480614042232242
июнь 0.00978318350079323 4.912654885736052 0.0480614042232242
июль 0.00978318350079323 4.912654885736052 0.0480614042232242
июль 0.00978318350079323 4.912654885736052 0.0480614042232242
август 0.00978318350079323 4.912654885736052 0.0480614042232242
август 0.00978318350079323 4.912654885736052 0.0480614042232242
сентябрь 0.00978318350079323 4.912654885736052 0.0480614042232242
сентябрь 0.00978318350079323 4.912654885736052 0.0480614042232242
октябрь 0.00978318350079323 4.912654885736052 0.0480614042232242
октябрь 0.00978318350079323 4.912654885736052 0.0480614042232242
ноябрь 0.00978318350079323 4.912654885736052 0.0480614042232242
ноябрь 0.00978318350079323 4.912654885736052 0.0480614042232242
декабрь 0.00978318350079323 4.912654885736052 0.0480614042232242
декабрь 0.00978318350079323 4.912654885736052 0.0480614042232242
январь 0.010047593865679535 4.919980925828125 0.04943397016961099
январь 0.010047593865679535 4.919980925828125 0.04943397016961099
февраль 0.01110523532522475 4.948759890378168 0.054957143150682994
февраль 0.01110523532522475 4.948759890378168 0.054957143150682994
март 0.010047593865679535 4.919980925828125 0.04943397016961099
март 0.010047593865679535 4.919980925828125 0.04943397016961099
апрель 0.00978318350079323 4.912654885736052 0.0480614042232242
апрель 0.00978318350079323 4.912654885736052 0.0480614042232242
май 0.010312004230565839 4.927253685157205 0.050809860846412216
май 0.010312004230565839 4.927253685157205 0.050809860846412216
июнь 0.00978318350079323 4.912654885736052 0.0480614042232242
июнь 0.00978318350079323 4.912654885736052 0.0480614042232242
июль 0.00978318350079323 4.912654885736052 0.0480614042232242
июль 0.00978318350079323 4.912654885736052 0.0480614042232242
август 0.00978318350079323 4.912654885736052 0.0480614042232242
август 0.00978318350079323 4.912654885736052 0.0480614042232242
сентябрь 0.00978318350079323 4.912654885736052 0.0480614042232242
сентябрь 0.00978318350079323 4.912654885736052 0.0480614042232242
октябрь 0.00978318350079323 4.912654885736052 0.0480614042232242
октябрь 0.00978318350079323 4.912654885736052 0.0480614042232242
ноябрь 0.00978318350079323 4.912654885736052 0.0480614042232242
ноябрь 0.00978318350079323 4.912654885736052 0.0480614042232242
декабрь 0.00978318350079323 4.912654885736052 0.0480614042232242
декабрь 0.00978318350079323 4.912654885736052 0.0480614042232242
январь 0.010047593865679535 4.919980925828125 0.04943397016961099
январь 0.010047593865679535 4.919980925828125 0.04943397016961099
февраль 0.01110523532522475 4.948759890378168 0.054957143150682994
февраль 0.01110523532522475 4.948759890378168 0.054957143150682994
март 0.010047593865679535 4.919980925828125 0.04943397016961099
март 0.010047593865679535 4.919980925828125 0.04943397016961099
апрель 0.00978318350079323 4.912654885736052 0.0480614042232242
апрель 0.00978318350079323 4.912654885736052 0.0480614042232242
май 0.010312004230565839 4.927253685157205 0.050809860846412216
май 0.010312004230565839 4.927253685157205 0.050809860846412216
июнь 0.00978318350079323 4.912654885736052 0.0480614042232242
июнь 0.00978318350079323 4.912654885736052 0.0480614042232242
июль 0.00978318350079323 4.912654885736052 0.0480614042232242
июль 0.00978318350079323 4.912654885736052 0.0480614042232242
август 0.00978318350079323 4.912654885736052 0.0480614042232242
август 0.00978318350079323 4.912654885736052 0.0480614042232242
сентябрь 0.00978318350079323 4.912654885736052 0.0480614042232242
сентябрь 0.00978318350079323 4.912654885736052 0.0480614042232242
октябрь 0.00978318350079323 4.912654885736052 0.0480614042232242
октябрь 0.00978318350079323 4.912654885736052 0.0480614042232242
ноябрь 0.00978318350079323 4.912654885736052 0.0480614042232242
ноябрь 0.00978318350079323 4.912654885736052 0.0480614042232242
декабрь 0.00978318350079323 4.912654885736052 0.0480614042232242
декабрь 0.00978318350079323 4.912654885736052 0.0480614042232242
январь 0.010047593865679535 4.919980925828125 0.04943397016961099
январь 0.010047593865679535 4.919980925828125 0.04943397016961099
февраль 0.01110523532522475 4.948759890378168 0.054957143150682994
февраль 0.01110523532522475 4.948759890378168 0.054957143150682994
март 0.010047593865679535 4.919980925828125 0.04943397016961099
март 0.010047593865679535 4.919980925828125 0.04943397016961099
апрель 0.00978318350079323 4.912654885736052 0.0480614042232242
апрель 0.00978318350079323 4.912654885736052 0.0480614042232242
май 0.010312004230565839 4.927253685157205 0.050809860846412216
май 0.010312004230565839 4.927253685157205 0.050809860846412216
июнь 0.00978318350079323 4.912654885736052 0.0480614042232242
июнь 0.00978318350079323 4.912654885736052 0.0480614042232242
июль 0.00978318350079323 4.912654885736052 0.0480614042232242
июль 0.00978318350079323 4.912654885736052 0.0480614042232242
август 0.00978318350079323 4.912654885736052 0.0480614042232242
август 0.00978318350079323 4.912654885736052 0.0480614042232242
сентябрь 0.00978318350079323 4.912654885736052 0.0480614042232242
сентябрь 0.00978318350079323 4.912654885736052 0.0480614042232242
октябрь 0.00978318350079323 4.912654885736052 0.0480614042232242
октябрь 0.00978318350079323 4.912654885736052 0.0480614042232242
ноябрь 0.00978318350079323 4.912654885736052 0.0480614042232242
ноябрь 0.00978318350079323 4.912654885736052 0.0480614042232242
декабрь 0.00978318350079323 4.912654885736052 0.0480614042232242
декабрь 0.00978318350079323 4.912654885736052 0.0480614042232242
январь 0.010047593865679535 4.919980925828125 0.04943397016961099
январь 0.010047593865679535 4.919980925828125 0.04943397016961099
февраль 0.01110523532522475 4.948759890378168 0.054957143150682994
февраль 0.01110523532522475 4.948759890378168 0.054957143150682994
март 0.010047593865679535 4.919980925828125 0.04943397016961099
март 0.010047593865679535 4.919980925828125 0.04943397016961099
апрель 0.00978318350079323 4.912654885736052 0.0480614042232242
апрель 0.00978318350079323 4.912654885736052 0.0480614042232242
май 0.010312004230565839 4.927253685157205 0.050809860846412216
май 0.010312004230565839 4.927253685157205 0.050809860846412216
июнь 0.00978318350079323 4.912654885736052 0.0480614042232242
июнь 0.00978318350079323 4.912654885736052 0.0480614042232242
июль 0.00978318350079323 4.912654885736052 0.0480614042232242
июль 0.00978318350079323 4.912654885736052 0.0480614042232242
август 0.00978318350079323 4.912654885736052 0.0480614042232242
август 0.00978318350079323 4.912654885736052 0.0480614042232242
сентябрь 0.00978318350079323 4.912654885736052 0.0480614042232242
сентябрь 0.00978318350079323 4.912654885736052 0.0480614042232242
октябрь 0.00978318350079323 4.912654885736052 0.0480614042232242
октябрь 0.00978318350079323 4.912654885736052 0.0480614042232242
ноябрь 0.00978318350079323 4.912654885736052 0.0480614042232242
ноябрь 0.00978318350079323 4.912654885736052 0.0480614042232242
декабрь 0.00978318350079323 4.912654885736052 0.0480614042232242
декабрь 0.00978318350079323 4.912654885736052 0.0480614042232242
январь 0.010047593865679535 4.919980925828125 0.04943397016961099
январь 0.010047593865679535 4.919980925828125 0.04943397016961099
февраль 0.01110523532522475 4.948759890378168 0.054957143150682994
февраль 0.01110523532522475 4.948759890378168 0.054957143150682994
март 0.010047593865679535 4.919980925828125 0.04943397016961099
март 0.010047593865679535 4.919980925828125 0.04943397016961099
апрель 0.00978318350079323 4.912654885736052 0.0480614042232242
апрель 0.00978318350079323 4.912654885736052 0.0480614042232242
май 0.010312004230565839 4.927253685157205 0.050809860846412216
май 0.010312004230565839 4.927253685157205 0.050809860846412216
июнь 0.00978318350079323 4.912654885736052 0.0480614042232242
июнь 0.00978318350079323 4.912654885736052 0.0480614042232242
июль 0.00978318350079323 4.912654885736052 0.0480614042232242
июль 0.00978318350079323 4.912654885736052 0.0480614042232242
август 0.00978318350079323 4.912654885736052 0.0480614042232242
август 0.00978318350079323 4.912654885736052 0.0480614042232242
сентябрь 0.00978318350079323 4.912654885736052 0.0480614042232242
сентябрь 0.00978318350079323 4.912654885736052 0.0480614042232242
октябрь 0.00978318350079323 4.912654885736052 0.0480614042232242
октябрь 0.00978318350079323 4.912654885736052 0.0480614042232242
ноябрь 0.00978318350079323 4.912654885736052 0.0480614042232242
ноябрь 0.00978318350079323 4.912654885736052 0.0480614042232242
декабрь 0.00978318350079323 4.912654885736052 0.0480614042232242
декабрь 0.00978318350079323 4.912654885736052 0.0480614042232242
январь 0.010047593865679535 4.919980925828125 0.04943397016961099
январь 0.010047593865679535 4.919980925828125 0.04943397016961099
февраль 0.01110523532522475 4.948759890378168 0.054957143150682994
февраль 0.01110523532522475 4.948759890378168 0.054957143150682994
март 0.010047593865679535 4.919980925828125 0.04943397016961099
март 0.010047593865679535 4.919980925828125 0.04943397016961099
апрель 0.00978318350079323 4.912654885736052 0.0480614042232242
апрель 0.00978318350079323 4.912654885736052 0.0480614042232242
май 0.010312004230565839 4.927253685157205 0.050809860846412216
май 0.010312004230565839 4.927253685157205 0.050809860846412216
июнь 0.00978318350079323 4.912654885736052 0.0480614042232242
июнь 0.00978318350079323 4.912654885736052 0.0480614042232242
июль 0.00978318350079323 4.912654885736052 0.0480614042232242
июль 0.00978318350079323 4.912654885736052 0.0480614042232242
август 0.00978318350079323 4.912654885736052 0.0480614042232242
август 0.00978318350079323 4.912654885736052 0.0480614042232242
сентябрь 0.00978318350079323 4.912654885736052 0.0480614042232242
сентябрь 0.00978318350079323 4.912654885736052 0.0480614042232242
октябрь 0.00978318350079323 4.912654885736052 0.0480614042232242
октябрь 0.00978318350079323 4.912654885736052 0.0480614042232242
ноябрь 0.00978318350079323 4.912654885736052 0.0480614042232242
ноябрь 0.00978318350079323 4.912654885736052 0.0480614042232242
декабрь 0.00978318350079323 4.912654885736052 0.0480614042232242
декабрь 0.00978318350079323 4.912654885736052 0.0480614042232242
январь 0.010047593865679535 4.919980925828125 0.04943397016961099
январь 0.010047593865679535 4.919980925828125 0.04943397016961099
февраль 0.01110523532522475 4.948759890378168 0.054957143150682994
февраль 0.01110523532522475 4.948759890378168 0.054957143150682994
март 0.010047593865679535 4.919980925828125 0.04943397016961099
март 0.010047593865679535 4.919980925828125 0.04943397016961099
апрель 0.00978318350079323 4.912654885736052 0.0480614042232242
апрель 0.00978318350079323 4.912654885736052 0.0480614042232242
май 0.010312004230565839 4.927253685157205 0.050809860846412216
май 0.010312004230565839 4.927253685157205 0.050809860846412216
июнь 0.00978318350079323 4.912654885736052 0.0480614042232242
июнь 0.00978318350079323 4.912654885736052 0.0480614042232242
июль 0.00978318350079323 4.912654885736052 0.0480614042232242
июль 0.00978318350079323 4.912654885736052 0.0480614042232242
август 0.00978318350079323 4.912654885736052 0.0480614042232242
август 0.00978318350079323 4.912654885736052 0.0480614042232242
сентябрь 0.00978318350079323 4.912654885736052 0.0480614042232242
сентябрь 0.00978318350079323 4.912654885736052 0.0480614042232242
октябрь 0.00978318350079323 4.912654885736052 0.0480614042232242
октябрь 0.00978318350079323 4.912654885736052 0.0480614042232242
ноябрь 0.00978318350079323 4.912654885736052 0.0480614042232242
ноябрь 0.00978318350079323 4.912654885736052 0.0480614042232242
декабрь 0.00978318350079323 4.912654885736052 0.0480614042232242
декабрь 0.00978318350079323 4.912654885736052 0.0480614042232242
январь 0.010047593865679535 4.919980925828125 0.04943397016961099
январь 0.010047593865679535 4.919980925828125 0.04943397016961099
февраль 0.01110523532522475 4.948759890378168 0.054957143150682994
февраль 0.01110523532522475 4.948759890378168 0.054957143150682994
март 0.010047593865679535 4.919980925828125 0.04943397016961099
март 0.010047593865679535 4.919980925828125 0.04943397016961099
апрель 0.00978318350079323 4.912654885736052 0.0480614042232242
апрель 0.00978318350079323 4.912654885736052 0.0480614042232242
май 0.010312004230565839 4.927253685157205 0.050809860846412216
май 0.010312004230565839 4.927253685157205 0.050809860846412216
июнь 0.00978318350079323 4.912654885736052 0.0480614042232242
июнь 0.00978318350079323 4.912654885736052 0.0480614042232242
июль 0.00978318350079323 4.912654885736052 0.0480614042232242
июль 0.00978318350079323 4.912654885736052 0.0480614042232242
август 0.00978318350079323 4.912654885736052 0.0480614042232242
август 0.00978318350079323 4.912654885736052 0.0480614042232242
сентябрь 0.00978318350079323 4.912654885736052 0.0480614042232242
сентябрь 0.00978318350079323 4.912654885736052 0.0480614042232242
октябрь 0.00978318350079323 4.912654885736052 0.0480614042232242
октябрь 0.00978318350079323 4.912654885736052 0.0480614042232242
ноябрь 0.00978318350079323 4.912654885736052 0.0480614042232242
ноябрь 0.00978318350079323 4.912654885736052 0.0480614042232242
декабрь 0.00978318350079323 4.912654885736052 0.0480614042232242
декабрь 0.00978318350079323 4.912654885736052 0.0480614042232242
январь 0.010047593865679535 4.919980925828125 0.04943397016961099
январь 0.010047593865679535 4.919980925828125 0.04943397016961099
февраль 0.01110523532522475 4.948759890378168 0.054957143150682994
февраль 0.01110523532522475 4.948759890378168 0.054957143150682994
март 0.010047593865679535 4.919980925828125 0.04943397016961099
март 0.010047593865679535 4.919980925828125 0.04943397016961099
апрель 0.00978318350079323 4.912654885736052 0.0480614042232242
апрель 0.00978318350079323 4.912654885736052 0.0480614042232242
май 0.010312004230565839 4.927253685157205 0.050809860846412216
май 0.010312004230565839 4.927253685157205 0.050809860846412216
июнь 0.00978318350079323 4.912654885736052 0.0480614042232242
июнь 0.00978318350079323 4.912654885736052 0.0480614042232242
июль 0.00978318350079323 4.912654885736052 0.0480614042232242
июль 0.00978318350079323 4.912654885736052 0.0480614042232242
август 0.00978318350079323 4.912654885736052 0.0480614042232242
август 0.00978318350079323 4.912654885736052 0.0480614042232242
сентябрь 0.00978318350079323 4.912654885736052 0.0480614042232242
сентябрь 0.00978318350079323 4.912654885736052 0.0480614042232242
октябрь 0.00978318350079323 4.912654885736052 0.0480614042232242
октябрь 0.00978318350079323 4.912654885736052 0.0480614042232242
ноябрь 0.00978318350079323 4.912654885736052 0.0480614042232242
ноябрь 0.00978318350079323 4.912654885736052 0.0480614042232242
декабрь 0.00978318350079323 4.912654885736052 0.0480614042232242
декабрь 0.00978318350079323 4.912654885736052 0.0480614042232242
январь 0.010047593865679535 4.919980925828125 0.04943397016961099
январь 0.010047593865679535 4.919980925828125 0.04943397016961099
февраль 0.01110523532522475 4.948759890378168 0.054957143150682994
февраль 0.01110523532522475 4.948759890378168 0.054957143150682994
март 0.010047593865679535 4.919980925828125 0.04943397016961099
страница 0.007667900581702803 4.852030263919617 0.037204885683148836
отсутствует 0.005817028027498678 4.795790545596741 0.02789724801774942
март 0.010047593865679535 4.919980925828125 0.04943397016961099
апрель 0.00978318350079323 4.912654885736052 0.0480614042232242
страница 0.007667900581702803 4.852030263919617 0.037204885683148836
отсутствует 0.005817028027498678 4.795790545596741 0.02789724801774942
апрель 0.00978318350079323 4.912654885736052 0.0480614042232242
май 0.010312004230565839 4.927253685157205 0.050809860846412216
страница 0.007667900581702803 4.852030263919617 0.037204885683148836
отсутствует 0.005817028027498678 4.795790545596741 0.02789724801774942
май 0.010312004230565839 4.927253685157205 0.050809860846412216
июнь 0.00978318350079323 4.912654885736052 0.0480614042232242
страница 0.007667900581702803 4.852030263919617 0.037204885683148836
отсутствует 0.005817028027498678 4.795790545596741 0.02789724801774942
июнь 0.00978318350079323 4.912654885736052 0.0480614042232242
июль 0.00978318350079323 4.912654885736052 0.0480614042232242
страница 0.007667900581702803 4.852030263919617 0.037204885683148836
отсутствует 0.005817028027498678 4.795790545596741 0.02789724801774942
июль 0.00978318350079323 4.912654885736052 0.0480614042232242
август 0.00978318350079323 4.912654885736052 0.0480614042232242
страница 0.007667900581702803 4.852030263919617 0.037204885683148836
отсутствует 0.005817028027498678 4.795790545596741 0.02789724801774942
август 0.00978318350079323 4.912654885736052 0.0480614042232242
сентябрь 0.00978318350079323 4.912654885736052 0.0480614042232242
страница 0.007667900581702803 4.852030263919617 0.037204885683148836
отсутствует 0.005817028027498678 4.795790545596741 0.02789724801774942
сентябрь 0.00978318350079323 4.912654885736052 0.0480614042232242
октябрь 0.00978318350079323 4.912654885736052 0.0480614042232242
страница 0.007667900581702803 4.852030263919617 0.037204885683148836
отсутствует 0.005817028027498678 4.795790545596741 0.02789724801774942
октябрь 0.00978318350079323 4.912654885736052 0.0480614042232242
ноябрь 0.00978318350079323 4.912654885736052 0.0480614042232242
страница 0.007667900581702803 4.852030263919617 0.037204885683148836
отсутствует 0.005817028027498678 4.795790545596741 0.02789724801774942
ноябрь 0.00978318350079323 4.912654885736052 0.0480614042232242
декабрь 0.00978318350079323 4.912654885736052 0.0480614042232242
страница 0.007667900581702803 4.852030263919617 0.037204885683148836
отсутствует 0.005817028027498678 4.795790545596741 0.02789724801774942
декабрь 0.00978318350079323 4.912654885736052 0.0480614042232242
источник 0.00026441036488630354 0 0.0
служебная 0.0013220518244315177 4.6443908991413725 0.006140125461582989
категории 0.0005288207297726071 4.61512051684126 0.0024405713997045267
категории 0.0005288207297726071 4.61512051684126 0.0024405713997045267
категория 0.0013220518244315177 4.6443908991413725 0.006140125461582989
порталы 0.0007932310946589106 4.624972813284271 0.0036686722474491835
порталы 0.0007932310946589106 4.624972813284271 0.0036686722474491835
категория 0.0013220518244315177 4.6443908991413725 0.006140125461582989
википедия 0.0031729243786356425 4.709530201312334 0.01494298318766473
содержание 0.0010576414595452142 4.634728988229636 0.004901881531707706
википедии 0.0026441036488630354 4.6913478822291435 0.012404410053487951
википедия 0.0031729243786356425 4.709530201312334 0.01494298318766473
содержание 0.0010576414595452142 4.634728988229636 0.004901881531707706
википедии 0.0026441036488630354 4.6913478822291435 0.012404410053487951
навигация 0.0005288207297726071 4.61512051684126 0.0024405713997045267
персональные 0.00026441036488630354 0 0.0
инструменты 0.0005288207297726071 4.61512051684126 0.0024405713997045267
страница 0.007667900581702803 4.852030263919617 0.037204885683148836
участника 0.00026441036488630354 0 0.0
моего 0.0005288207297726071 4.61512051684126 0.0024405713997045267
вы 0.0005288207297726071 4.61512051684126 0.0024405713997045267
представились 0.00026441036488630354 0 0.0
системе 0.0005288207297726071 4.61512051684126 0.0024405713997045267
страница 0.007667900581702803 4.852030263919617 0.037204885683148836
обсуждений 0.00026441036488630354 0 0.0
моего 0.0005288207297726071 4.61512051684126 0.0024405713997045267
обсуждение 0.003966155473294554 4.736198448394496 0.018784499398709003
список 0.002908514013749339 4.700480365792417 0.013671413015260862
правок 0.00026441036488630354 0 0.0
сделанных 0.00026441036488630354 0 0.0
вклад 0.00026441036488630354 0 0.0
мы 0.00026441036488630354 0 0.0
предлагаем 0.00026441036488630354 0 0.0
создать 0.0010576414595452142 4.634728988229636 0.004901881531707706
учётную 0.0005288207297726071 4.61512051684126 0.0024405713997045267
запись 0.0007932310946589106 4.624972813284271 0.0036686722474491835
войти 0.0005288207297726071 4.61512051684126 0.0024405713997045267
систему 0.00026441036488630354 0 0.0
хотя 0.00026441036488630354 0 0.0
это 0.0010576414595452142 4.634728988229636 0.004901881531707706
обязательно 0.00026441036488630354 0 0.0
создать 0.0010576414595452142 4.634728988229636 0.004901881531707706
учётную 0.0005288207297726071 4.61512051684126 0.0024405713997045267
запись 0.0007932310946589106 4.624972813284271 0.0036686722474491835
здесь 0.00026441036488630354 0 0.0
зарегистрироваться 0.00026441036488630354 0 0.0
системе 0.0005288207297726071 4.61512051684126 0.0024405713997045267
это 0.0010576414595452142 4.634728988229636 0.004901881531707706
необязательно 0.00026441036488630354 0 0.0
войти 0.0005288207297726071 4.61512051684126 0.0024405713997045267
пространства 0.00026441036488630354 0 0.0
имён 0.00026441036488630354 0 0.0
портал 0.005023796932839768 4.770684624465665 0.023966950783936448
обсуждение 0.003966155473294554 4.736198448394496 0.018784499398709003
страницы 0.003966155473294554 4.736198448394496 0.018784499398709003
обсуждение 0.003966155473294554 4.736198448394496 0.018784499398709003
изменить 0.00026441036488630354 0 0.0
вариант 0.00026441036488630354 0 0.0
языка 0.00026441036488630354 0 0.0
русский 0.0005288207297726071 4.61512051684126 0.0024405713997045267
просмотры 0.00026441036488630354 0 0.0
страница 0.007667900581702803 4.852030263919617 0.037204885683148836
изменений 0.0007932310946589106 4.624972813284271 0.0036686722474491835
вы 0.0005288207297726071 4.61512051684126 0.0024405713997045267
посмотреть 0.0005288207297726071 4.61512051684126 0.0024405713997045267
текст 0.0007932310946589106 4.624972813284271 0.0036686722474491835
просмотр 0.002379693283976732 4.68213122712422 0.011142036235885241
журнал 0.00026441036488630354 0 0.0
изменений 0.0007932310946589106 4.624972813284271 0.0036686722474491835
страницы 0.003966155473294554 4.736198448394496 0.018784499398709003
история 0.0007932310946589106 4.624972813284271 0.0036686722474491835
больше 0.00026441036488630354 0 0.0
возможностей 0.00026441036488630354 0 0.0
ещё 0.0005288207297726071 4.61512051684126 0.0024405713997045267
искать 0.0007932310946589106 4.624972813284271 0.0036686722474491835
википедии 0.0026441036488630354 4.6913478822291435 0.012404410053487951
искать 0.0007932310946589106 4.624972813284271 0.0036686722474491835
википедии 0.0026441036488630354 4.6913478822291435 0.012404410053487951
искать 0.0007932310946589106 4.624972813284271 0.0036686722474491835
википедии 0.0026441036488630354 4.6913478822291435 0.012404410053487951
служебная 0.0013220518244315177 4.6443908991413725 0.006140125461582989
поиск 0.00026441036488630354 0 0.0
найти 0.0005288207297726071 4.61512051684126 0.0024405713997045267
страницы 0.003966155473294554 4.736198448394496 0.018784499398709003
содержащие 0.00026441036488630354 0 0.0
указанный 0.00026441036488630354 0 0.0
текст 0.0007932310946589106 4.624972813284271 0.0036686722474491835
найти 0.0005288207297726071 4.61512051684126 0.0024405713997045267
перейти 0.0021152829190904283 4.672828834461906 0.009884355017370504
странице 0.0013220518244315177 4.6443908991413725 0.006140125461582989
имеющей 0.00026441036488630354 0 0.0
точности 0.00026441036488630354 0 0.0
такое 0.00026441036488630354 0 0.0
название 0.00026441036488630354 0 0.0
перейти 0.0021152829190904283 4.672828834461906 0.009884355017370504
перейти 0.0021152829190904283 4.672828834461906 0.009884355017370504
заглавную 0.0005288207297726071 4.61512051684126 0.0024405713997045267
страницу 0.0010576414595452142 4.634728988229636 0.004901881531707706
навигация 0.0005288207297726071 4.61512051684126 0.0024405713997045267
перейти 0.0021152829190904283 4.672828834461906 0.009884355017370504
заглавную 0.0005288207297726071 4.61512051684126 0.0024405713997045267
страницу 0.0010576414595452142 4.634728988229636 0.004901881531707706
заглавная 0.0005288207297726071 4.61512051684126 0.0024405713997045267
страница 0.007667900581702803 4.852030263919617 0.037204885683148836
содержание 0.0010576414595452142 4.634728988229636 0.004901881531707706
статьи 0.002379693283976732 4.68213122712422 0.011142036235885241
считающиеся 0.00026441036488630354 0 0.0
лучшими 0.00026441036488630354 0 0.0
статьями 0.00026441036488630354 0 0.0
проекта 0.00026441036488630354 0 0.0
избранные 0.00026441036488630354 0 0.0
статьи 0.002379693283976732 4.68213122712422 0.011142036235885241
посмотреть 0.0005288207297726071 4.61512051684126 0.0024405713997045267
случайно 0.00026441036488630354 0 0.0
выбранную 0.00026441036488630354 0 0.0
страницу 0.0010576414595452142 4.634728988229636 0.004901881531707706
случайная 0.00026441036488630354 0 0.0
статья 0.00026441036488630354 0 0.0
статьи 0.002379693283976732 4.68213122712422 0.011142036235885241
текущих 0.00026441036488630354 0 0.0
событиях 0.00026441036488630354 0 0.0
мире 0.0005288207297726071 4.61512051684126 0.0024405713997045267
текущие 0.005023796932839768 4.770684624465665 0.023966950783936448
события 0.009518773135906928 4.90527477843843 0.04669219778524153
поддержите 0.00026441036488630354 0 0.0
пожертвовать 0.00026441036488630354 0 0.0
участие 0.0005288207297726071 4.61512051684126 0.0024405713997045267
сообщить 0.0005288207297726071 4.61512051684126 0.0024405713997045267
ошибке 0.0005288207297726071 4.61512051684126 0.0024405713997045267
статье 0.00026441036488630354 0 0.0
сообщить 0.0005288207297726071 4.61512051684126 0.0024405713997045267
ошибке 0.0005288207297726071 4.61512051684126 0.0024405713997045267
как 0.0005288207297726071 4.61512051684126 0.0024405713997045267
править 0.002379693283976732 4.68213122712422 0.011142036235885241
статьи 0.002379693283976732 4.68213122712422 0.011142036235885241
о 0.00026441036488630354 0 0.0
проекте 0.00026441036488630354 0 0.0
заниматься 0.00026441036488630354 0 0.0
также 0.0007932310946589106 4.624972813284271 0.0036686722474491835
находится 0.00026441036488630354 0 0.0
сообщество 0.00026441036488630354 0 0.0
форум 0.0005288207297726071 4.61512051684126 0.0024405713997045267
участников 0.0005288207297726071 4.61512051684126 0.0024405713997045267
википедии 0.0026441036488630354 4.6913478822291435 0.012404410053487951
форум 0.0005288207297726071 4.61512051684126 0.0024405713997045267
список 0.002908514013749339 4.700480365792417 0.013671413015260862
последних 0.00026441036488630354 0 0.0
изменений 0.0007932310946589106 4.624972813284271 0.0036686722474491835
свежие 0.00026441036488630354 0 0.0
правки 0.0005288207297726071 4.61512051684126 0.0024405713997045267
список 0.002908514013749339 4.700480365792417 0.013671413015260862
недавно 0.0018508725542041248 4.663439094112067 0.008631431427494571
созданных 0.00026441036488630354 0 0.0
страниц 0.0007932310946589106 4.624972813284271 0.0036686722474491835
новые 0.00026441036488630354 0 0.0
страницы 0.003966155473294554 4.736198448394496 0.018784499398709003
место 0.00026441036488630354 0 0.0
расположения 0.00026441036488630354 0 0.0
справки 0.00026441036488630354 0 0.0
справка 0.00026441036488630354 0 0.0
инструменты 0.0005288207297726071 4.61512051684126 0.0024405713997045267
список 0.002908514013749339 4.700480365792417 0.013671413015260862
страниц 0.0007932310946589106 4.624972813284271 0.0036686722474491835
ссылки 0.0010576414595452142 4.634728988229636 0.004901881531707706
последние 0.0005288207297726071 4.61512051684126 0.0024405713997045267
изменения 0.00026441036488630354 0 0.0
страницах 0.00026441036488630354 0 0.0
которые 0.0005288207297726071 4.61512051684126 0.0024405713997045267
страница 0.007667900581702803 4.852030263919617 0.037204885683148836
правки 0.0005288207297726071 4.61512051684126 0.0024405713997045267
список 0.002908514013749339 4.700480365792417 0.013671413015260862
служебных 0.00026441036488630354 0 0.0
страниц 0.0007932310946589106 4.624972813284271 0.0036686722474491835
служебные 0.00026441036488630354 0 0.0
страницы 0.003966155473294554 4.736198448394496 0.018784499398709003
ссылка 0.0007932310946589106 4.624972813284271 0.0036686722474491835
версию 0.00026441036488630354 0 0.0
страницы 0.003966155473294554 4.736198448394496 0.018784499398709003
ссылка 0.0007932310946589106 4.624972813284271 0.0036686722474491835
странице 0.0013220518244315177 4.6443908991413725 0.006140125461582989
странице 0.0013220518244315177 4.6443908991413725 0.006140125461582989
ссылка 0.0007932310946589106 4.624972813284271 0.0036686722474491835
данных 0.00026441036488630354 0 0.0
викиданных 0.00026441036488630354 0 0.0
создать 0.0010576414595452142 4.634728988229636 0.004901881531707706
создать 0.0010576414595452142 4.634728988229636 0.004901881531707706
страницу 0.0010576414595452142 4.634728988229636 0.004901881531707706
файл 0.00026441036488630354 0 0.0
версия 0.0026441036488630354 4.6913478822291435 0.012404410053487951
страницы 0.003966155473294554 4.736198448394496 0.018784499398709003
печати 0.0005288207297726071 4.61512051684126 0.0024405713997045267
версия 0.0026441036488630354 4.6913478822291435 0.012404410053487951
печати 0.0005288207297726071 4.61512051684126 0.0024405713997045267
на 0.002908514013749339 4.700480365792417 0.013671413015260862
других 0.00026441036488630354 0 0.0
языках 0.00026441036488630354 0 0.0
википедия 0.0031729243786356425 4.709530201312334 0.01494298318766473
портал 0.005023796932839768 4.770684624465665 0.023966950783936448
ков 0.00026441036488630354 0 0.0
википеди 0.0005288207297726071 4.61512051684126 0.0024405713997045267
портал 0.005023796932839768 4.770684624465665 0.023966950783936448
сан 0.00026441036488630354 0 0.0
портал 0.005023796932839768 4.770684624465665 0.023966950783936448
текущие 0.005023796932839768 4.770684624465665 0.023966950783936448
события 0.009518773135906928 4.90527477843843 0.04669219778524153
википеди 0.0005288207297726071 4.61512051684126 0.0024405713997045267
ног 0.00026441036488630354 0 0.0
портал 0.005023796932839768 4.770684624465665 0.023966950783936448
портал 0.005023796932839768 4.770684624465665 0.023966950783936448
портал 0.005023796932839768 4.770684624465665 0.023966950783936448
портал 0.005023796932839768 4.770684624465665 0.023966950783936448
ву 0.00026441036488630354 0 0.0
править 0.002379693283976732 4.68213122712422 0.011142036235885241
ссылки 0.0010576414595452142 4.634728988229636 0.004901881531707706
править 0.002379693283976732 4.68213122712422 0.011142036235885241
ссылки 0.0010576414595452142 4.634728988229636 0.004901881531707706
страница 0.007667900581702803 4.852030263919617 0.037204885683148836
февраля 0.03278688524590164 5.407171771460119 0.1772843203757416
текст 0.0007932310946589106 4.624972813284271 0.0036686722474491835
могут 0.0005288207297726071 4.61512051684126 0.0024405713997045267
условия 0.0005288207297726071 4.61512051684126 0.0024405713997045267
см 0.0007932310946589106 4.624972813284271 0.0036686722474491835
условия 0.0005288207297726071 4.61512051684126 0.0024405713997045267
политика 0.00026441036488630354 0 0.0
конфиденциальности 0.00026441036488630354 0 0.0
описание 0.00026441036488630354 0 0.0
википедии 0.0026441036488630354 4.6913478822291435 0.012404410053487951
отказ 0.00026441036488630354 0 0.0
ответственности 0.00026441036488630354 0 0.0
контакты 0.00026441036488630354 0 0.0
свяжитесь 0.00026441036488630354 0 0.0
нами 0.00026441036488630354 0 0.0
мобильная 0.00026441036488630354 0 0.0
версия 0.0026441036488630354 4.6913478822291435 0.012404410053487951
разработчики 0.00026441036488630354 0 0.0
статистика 0.00026441036488630354 0 0.0
заявление 0.00026441036488630354 0 0.0
куки 0.00026441036488630354 0 0.0
портал 0.005023796932839768 4.770684624465665 0.023966950783936448
шаблон 0.002908514013749339 4.700480365792417 0.013671413015260862
примечания 0.0007932310946589106 4.624972813284271 0.0036686722474491835
шаблон 0.002908514013749339 4.700480365792417 0.013671413015260862
портал 0.005023796932839768 4.770684624465665 0.023966950783936448
портал 0.005023796932839768 4.770684624465665 0.023966950783936448
шаблон 0.002908514013749339 4.700480365792417 0.013671413015260862
шаблон 0.002908514013749339 4.700480365792417 0.013671413015260862
шаблон 0.002908514013749339 4.700480365792417 0.013671413015260862
шаблон 0.002908514013749339 4.700480365792417 0.013671413015260862
