текущие 0.005023796932839768 1.7147984280919266 0.008614799083486675
события 0.009518773135906928 1.0498221244986776 0.00999301863615875
википедия 0.0031729243786356425 2.207274913189721 0.007003516382410538
январь 0.010047593865679535 0.9942522733438669 0.00998984304258777
февраль 0.01110523532522475 0.8915981192837835 0.009901406930174222
март 0.010047593865679535 0.9942522733438669 0.00998984304258777
апрель 0.00978318350079323 1.0216512475319812 0.0099950016284197
май 0.010312004230565839 0.9675840262617057 0.009977730572238637
июнь 0.00978318350079323 1.0216512475319812 0.0099950016284197
июль 0.00978318350079323 1.0216512475319812 0.0099950016284197
август 0.00978318350079323 1.0216512475319812 0.0099950016284197
сентябрь 0.00978318350079323 1.0216512475319812 0.0099950016284197
октябрь 0.00978318350079323 1.0216512475319812 0.0099950016284197
ноябрь 0.00978318350079323 1.0216512475319812 0.0099950016284197
декабрь 0.00978318350079323 1.0216512475319812 0.0099950016284197
текущие 0.005023796932839768 1.7147984280919266 0.008614799083486675
события 0.009518773135906928 1.0498221244986776 0.00999301863615875
алфавиту 0.0007932310946589106 3.912023005428146 0.0031031382909266097
википедия 0.0031729243786356425 2.207274913189721 0.007003516382410538
содержание 0.0010576414595452142 3.506557897319982 0.0037086810125013026
википедии 0.0026441036488630354 2.407945608651872 0.0063668577701001365
русский 0.0005288207297726071 4.605170185988092 0.0024353094584812756
текущие 0.005023796932839768 1.7147984280919266 0.008614799083486675
события 0.009518773135906928 1.0498221244986776 0.00999301863615875
википедия 0.0031729243786356425 2.207274913189721 0.007003516382410538
википедия 0.0031729243786356425 2.207274913189721 0.007003516382410538
текущие 0.005023796932839768 1.7147984280919266 0.008614799083486675
события 0.009518773135906928 1.0498221244986776 0.00999301863615875
материал 0.00026441036488630354 0 0.0
википедии 0.0026441036488630354 2.407945608651872 0.0063668577701001365
свободной 0.00026441036488630354 0 0.0
энциклопедии 0.00026441036488630354 0 0.0
страницы 0.003966155473294554 1.9661128563728327 0.0077979092664178995
проверки 0.00026441036488630354 0 0.0
версия 0.0026441036488630354 2.407945608651872 0.0063668577701001365
страницы 0.003966155473294554 1.9661128563728327 0.0077979092664178995
это 0.0010576414595452142 3.506557897319982 0.0037086810125013026
википедия 0.0031729243786356425 2.207274913189721 0.007003516382410538
версия 0.0026441036488630354 2.407945608651872 0.0063668577701001365
перейти 0.0021152829190904283 2.659260036932778 0.0056250873335436866
навигации 0.00026441036488630354 0 0.0
перейти 0.0021152829190904283 2.659260036932778 0.0056250873335436866
поиску 0.00026441036488630354 0 0.0
текущие 0.005023796932839768 1.7147984280919266 0.008614799083486675
события 0.009518773135906928 1.0498221244986776 0.00999301863615875
служебная 0.0013220518244315177 3.2188758248682006 0.004255520656885511
текущие 0.005023796932839768 1.7147984280919266 0.008614799083486675
события 0.009518773135906928 1.0498221244986776 0.00999301863615875
страницы 0.003966155473294554 1.9661128563728327 0.0077979092664178995
январь 0.010047593865679535 0.9942522733438669 0.00998984304258777
март 0.010047593865679535 0.9942522733438669 0.00998984304258777
февраль 0.01110523532522475 0.8915981192837835 0.009901406930174222
февраль 0.01110523532522475 0.8915981192837835 0.009901406930174222
чт 0.00026441036488630354 0 0.0
сб 0.00026441036488630354 0 0.0
вс 0.00026441036488630354 0 0.0
спорт 0.0021152829190904283 2.659260036932778 0.0056250873335436866
кино 0.0005288207297726071 4.605170185988092 0.0024353094584812756
кино 0.0005288207297726071 4.605170185988092 0.0024353094584812756
события 0.009518773135906928 1.0498221244986776 0.00999301863615875
события 0.009518773135906928 1.0498221244986776 0.00999301863615875
статью 0.0005288207297726071 4.605170185988092 0.0024353094584812756
статью 0.0005288207297726071 4.605170185988092 0.0024353094584812756
представили 0.0005288207297726071 4.605170185988092 0.0024353094584812756
представили 0.0005288207297726071 4.605170185988092 0.0024353094584812756
события 0.009518773135906928 1.0498221244986776 0.00999301863615875
события 0.009518773135906928 1.0498221244986776 0.00999301863615875
события 0.009518773135906928 1.0498221244986776 0.00999301863615875
события 0.009518773135906928 1.0498221244986776 0.00999301863615875
май 0.010312004230565839 0.9675840262617057 0.009977730572238637
май 0.010312004230565839 0.9675840262617057 0.009977730572238637
события 0.009518773135906928 1.0498221244986776 0.00999301863615875
события 0.009518773135906928 1.0498221244986776 0.00999301863615875
шаблон 0.002908514013749339 2.302585092994046 0.0066971010108235075
просмотр 0.002379693283976732 2.5257286443082556 0.006010459492008012
просмотр 0.002379693283976732 2.5257286443082556 0.006010459492008012
обсуждение 0.003966155473294554 1.9661128563728327 0.0077979092664178995
обсуждение 0.003966155473294554 1.9661128563728327 0.0077979092664178995
обсуждение 0.003966155473294554 1.9661128563728327 0.0077979092664178995
служебная 0.0013220518244315177 3.2188758248682006 0.004255520656885511
править 0.002379693283976732 2.5257286443082556 0.006010459492008012
шаблон 0.002908514013749339 2.302585092994046 0.0066971010108235075
править 0.002379693283976732 2.5257286443082556 0.006010459492008012
февраль 0.01110523532522475 0.8915981192837835 0.009901406930174222
список 0.002908514013749339 2.302585092994046 0.0066971010108235075
недавно 0.0018508725542041248 2.8134107167600364 0.005207264679354906
страница 0.007667900581702803 1.2729656758128876 0.009760974246053343
версия 0.0026441036488630354 2.407945608651872 0.0063668577701001365
статьи 0.002379693283976732 2.5257286443082556 0.006010459492008012
страница 0.007667900581702803 1.2729656758128876 0.009760974246053343
версия 0.0026441036488630354 2.407945608651872 0.0063668577701001365
статьи 0.002379693283976732 2.5257286443082556 0.006010459492008012
страница 0.007667900581702803 1.2729656758128876 0.009760974246053343
версия 0.0026441036488630354 2.407945608651872 0.0063668577701001365
статьи 0.002379693283976732 2.5257286443082556 0.006010459492008012
страница 0.007667900581702803 1.2729656758128876 0.009760974246053343
версия 0.0026441036488630354 2.407945608651872 0.0063668577701001365
статьи 0.002379693283976732 2.5257286443082556 0.006010459492008012
страница 0.007667900581702803 1.2729656758128876 0.009760974246053343
версия 0.0026441036488630354 2.407945608651872 0.0063668577701001365
статьи 0.002379693283976732 2.5257286443082556 0.006010459492008012
шаблон 0.002908514013749339 2.302585092994046 0.0066971010108235075
список 0.002908514013749339 2.302585092994046 0.0066971010108235075
недавно 0.0018508725542041248 2.8134107167600364 0.005207264679354906
просмотр 0.002379693283976732 2.5257286443082556 0.006010459492008012
просмотр 0.002379693283976732 2.5257286443082556 0.006010459492008012
обсуждение 0.003966155473294554 1.9661128563728327 0.0077979092664178995
список 0.002908514013749339 2.302585092994046 0.0066971010108235075
недавно 0.0018508725542041248 2.8134107167600364 0.005207264679354906
обсуждение 0.003966155473294554 1.9661128563728327 0.0077979092664178995
обсуждение 0.003966155473294554 1.9661128563728327 0.0077979092664178995
служебная 0.0013220518244315177 3.2188758248682006 0.004255520656885511
список 0.002908514013749339 2.302585092994046 0.0066971010108235075
недавно 0.0018508725542041248 2.8134107167600364 0.005207264679354906
править 0.002379693283976732 2.5257286443082556 0.006010459492008012
шаблон 0.002908514013749339 2.302585092994046 0.0066971010108235075
править 0.002379693283976732 2.5257286443082556 0.006010459492008012
другие 0.00026441036488630354 0 0.0
ссылки 0.0010576414595452142 3.506557897319982 0.0037086810125013026
категория 0.0013220518244315177 3.2188758248682006 0.004255520656885511
текущие 0.005023796932839768 1.7147984280919266 0.008614799083486675
события 0.009518773135906928 1.0498221244986776 0.00999301863615875
категория 0.0013220518244315177 3.2188758248682006 0.004255520656885511
текущие 0.005023796932839768 1.7147984280919266 0.008614799083486675
события 0.009518773135906928 1.0498221244986776 0.00999301863615875
категория 0.0013220518244315177 3.2188758248682006 0.004255520656885511
февраль 0.01110523532522475 0.8915981192837835 0.009901406930174222
события 0.009518773135906928 1.0498221244986776 0.00999301863615875
события 0.009518773135906928 1.0498221244986776 0.00999301863615875
проект 0.0015864621893178213 2.995732273553991 0.004752615981312518
текущие 0.005023796932839768 1.7147984280919266 0.008614799083486675
события 0.009518773135906928 1.0498221244986776 0.00999301863615875
проект 0.0015864621893178213 2.995732273553991 0.004752615981312518
текущие 0.005023796932839768 1.7147984280919266 0.008614799083486675
события 0.009518773135906928 1.0498221244986776 0.00999301863615875
проект 0.0015864621893178213 2.995732273553991 0.004752615981312518
статей 0.0007932310946589106 3.912023005428146 0.0031031382909266097
википедия 0.0031729243786356425 2.207274913189721 0.007003516382410538
к 0.00026441036488630354 0 0.0
статей 0.0007932310946589106 3.912023005428146 0.0031031382909266097
проект 0.0015864621893178213 2.995732273553991 0.004752615981312518
википедия 0.0031729243786356425 2.207274913189721 0.007003516382410538
история 0.0007932310946589106 3.912023005428146 0.0031031382909266097
текущие 0.005023796932839768 1.7147984280919266 0.008614799083486675
события 0.009518773135906928 1.0498221244986776 0.00999301863615875
википедии 0.0026441036488630354 2.407945608651872 0.0063668577701001365
википедия 0.0031729243786356425 2.207274913189721 0.007003516382410538
события 0.009518773135906928 1.0498221244986776 0.00999301863615875
шаблон 0.002908514013749339 2.302585092994046 0.0066971010108235075
текущие 0.005023796932839768 1.7147984280919266 0.008614799083486675
события 0.009518773135906928 1.0498221244986776 0.00999301863615875
странице 0.0013220518244315177 3.2188758248682006 0.004255520656885511
просмотр 0.002379693283976732 2.5257286443082556 0.006010459492008012
страницы 0.003966155473294554 1.9661128563728327 0.0077979092664178995
просмотр 0.002379693283976732 2.5257286443082556 0.006010459492008012
обсуждение 0.003966155473294554 1.9661128563728327 0.0077979092664178995
текущие 0.005023796932839768 1.7147984280919266 0.008614799083486675
события 0.009518773135906928 1.0498221244986776 0.00999301863615875
странице 0.0013220518244315177 3.2188758248682006 0.004255520656885511
обсуждение 0.003966155473294554 1.9661128563728327 0.0077979092664178995
обсуждение 0.003966155473294554 1.9661128563728327 0.0077979092664178995
правка 0.0007932310946589106 3.912023005428146 0.0031031382909266097
править 0.002379693283976732 2.5257286443082556 0.006010459492008012
википедия 0.0031729243786356425 2.207274913189721 0.007003516382410538
текущие 0.005023796932839768 1.7147984280919266 0.008614799083486675
события 0.009518773135906928 1.0498221244986776 0.00999301863615875
список 0.002908514013749339 2.302585092994046 0.0066971010108235075
недавно 0.0018508725542041248 2.8134107167600364 0.005207264679354906
по 0.00026441036488630354 0 0.0
на 0.002908514013749339 2.302585092994046 0.0066971010108235075
на 0.002908514013749339 2.302585092994046 0.0066971010108235075
фильм 0.002379693283976732 2.5257286443082556 0.006010459492008012
в 0.00978318350079323 1.0216512475319812 0.0099950016284197
мире 0.0005288207297726071 4.605170185988092 0.0024353094584812756
человек 0.004759386567953464 1.7719568419318754 0.008433427592483807
на 0.002908514013749339 2.302585092994046 0.0066971010108235075
фильм 0.002379693283976732 2.5257286443082556 0.006010459492008012
фильм 0.002379693283976732 2.5257286443082556 0.006010459492008012
на 0.002908514013749339 2.302585092994046 0.0066971010108235075
фильм 0.002379693283976732 2.5257286443082556 0.006010459492008012
на 0.002908514013749339 2.302585092994046 0.0066971010108235075
фильм 0.002379693283976732 2.5257286443082556 0.006010459492008012
фильм 0.002379693283976732 2.5257286443082556 0.006010459492008012
илл 0.00026441036488630354 0 0.0
фильм 0.002379693283976732 2.5257286443082556 0.006010459492008012
фильм 0.002379693283976732 2.5257286443082556 0.006010459492008012
в 0.00978318350079323 1.0216512475319812 0.0099950016284197
человек 0.004759386567953464 1.7719568419318754 0.008433427592483807
заглавная 0.0005288207297726071 4.605170185988092 0.0024353094584812756
страница 0.007667900581702803 1.2729656758128876 0.009760974246053343
февраль 0.01110523532522475 0.8915981192837835 0.009901406930174222
список 0.002908514013749339 2.302585092994046 0.0066971010108235075
недавно 0.0018508725542041248 2.8134107167600364 0.005207264679354906
проект 0.0015864621893178213 2.995732273553991 0.004752615981312518
текущие 0.005023796932839768 1.7147984280919266 0.008614799083486675
события 0.009518773135906928 1.0498221244986776 0.00999301863615875
проект 0.0015864621893178213 2.995732273553991 0.004752615981312518
в 0.00978318350079323 1.0216512475319812 0.0099950016284197
нам 0.00026441036488630354 0 0.0
последние 0.0005288207297726071 4.605170185988092 0.0024353094584812756
события 0.009518773135906928 1.0498221244986776 0.00999301863615875
текущие 0.005023796932839768 1.7147984280919266 0.008614799083486675
события 0.009518773135906928 1.0498221244986776 0.00999301863615875
просмотр 0.002379693283976732 2.5257286443082556 0.006010459492008012
страницы 0.003966155473294554 1.9661128563728327 0.0077979092664178995
просмотр 0.002379693283976732 2.5257286443082556 0.006010459492008012
обсуждение 0.003966155473294554 1.9661128563728327 0.0077979092664178995
текущие 0.005023796932839768 1.7147984280919266 0.008614799083486675
события 0.009518773135906928 1.0498221244986776 0.00999301863615875
обсуждение 0.003966155473294554 1.9661128563728327 0.0077979092664178995
страницы 0.003966155473294554 1.9661128563728327 0.0077979092664178995
обсуждение 0.003966155473294554 1.9661128563728327 0.0077979092664178995
правка 0.0007932310946589106 3.912023005428146 0.0031031382909266097
страницы 0.003966155473294554 1.9661128563728327 0.0077979092664178995
история 0.0007932310946589106 3.912023005428146 0.0031031382909266097
правка 0.0007932310946589106 3.912023005428146 0.0031031382909266097
страницы 0.003966155473294554 1.9661128563728327 0.0077979092664178995
править 0.002379693283976732 2.5257286443082556 0.006010459492008012
запись 0.0007932310946589106 3.912023005428146 0.0031031382909266097
события 0.009518773135906928 1.0498221244986776 0.00999301863615875
см 0.0007932310946589106 3.912023005428146 0.0031031382909266097
также 0.0007932310946589106 3.912023005428146 0.0031031382909266097
см 0.0007932310946589106 3.912023005428146 0.0031031382909266097
также 0.0007932310946589106 3.912023005428146 0.0031031382909266097
лучшим 0.00026441036488630354 0 0.0
на 0.002908514013749339 2.302585092994046 0.0066971010108235075
которые 0.0005288207297726071 4.605170185988092 0.0024353094584812756
мест 0.00026441036488630354 0 0.0
в 0.00978318350079323 1.0216512475319812 0.0099950016284197
человек 0.004759386567953464 1.7719568419318754 0.008433427592483807
человек 0.004759386567953464 1.7719568419318754 0.008433427592483807
спорт 0.0021152829190904283 2.659260036932778 0.0056250873335436866
спорт 0.0021152829190904283 2.659260036932778 0.0056250873335436866
французская 0.00026441036488630354 0 0.0
в 0.00978318350079323 1.0216512475319812 0.0099950016284197
в 0.00978318350079323 1.0216512475319812 0.0099950016284197
человек 0.004759386567953464 1.7719568419318754 0.008433427592483807
с 0.00026441036488630354 0 0.0
в 0.00978318350079323 1.0216512475319812 0.0099950016284197
фильм 0.002379693283976732 2.5257286443082556 0.006010459492008012
спорт 0.0021152829190904283 2.659260036932778 0.0056250873335436866
в 0.00978318350079323 1.0216512475319812 0.0099950016284197
век 0.00026441036488630354 0 0.0
в 0.00978318350079323 1.0216512475319812 0.0099950016284197
на 0.002908514013749339 2.302585092994046 0.0066971010108235075
в 0.00978318350079323 1.0216512475319812 0.0099950016284197
в 0.00978318350079323 1.0216512475319812 0.0099950016284197
дел 0.0005288207297726071 4.605170185988092 0.0024353094584812756
политик 0.00026441036488630354 0 0.0
решение 0.00026441036488630354 0 0.0
спорт 0.0021152829190904283 2.659260036932778 0.0056250873335436866
ди 0.0007932310946589106 3.912023005428146 0.0031031382909266097
ди 0.0007932310946589106 3.912023005428146 0.0031031382909266097
друг 0.00026441036488630354 0 0.0
в 0.00978318350079323 1.0216512475319812 0.0099950016284197
в 0.00978318350079323 1.0216512475319812 0.0099950016284197
в 0.00978318350079323 1.0216512475319812 0.0099950016284197
страница 0.007667900581702803 1.2729656758128876 0.009760974246053343
в 0.00978318350079323 1.0216512475319812 0.0099950016284197
в 0.00978318350079323 1.0216512475319812 0.0099950016284197
дел 0.0005288207297726071 4.605170185988092 0.0024353094584812756
участников 0.0005288207297726071 4.605170185988092 0.0024353094584812756
человек 0.004759386567953464 1.7719568419318754 0.008433427592483807
в 0.00978318350079323 1.0216512475319812 0.0099950016284197
человек 0.004759386567953464 1.7719568419318754 0.008433427592483807
части 0.0005288207297726071 4.605170185988092 0.0024353094584812756
могут 0.0005288207297726071 4.605170185988092 0.0024353094584812756
в 0.00978318350079323 1.0216512475319812 0.0099950016284197
в 0.00978318350079323 1.0216512475319812 0.0099950016284197
человек 0.004759386567953464 1.7719568419318754 0.008433427592483807
указа 0.00026441036488630354 0 0.0
у 0.0005288207297726071 4.605170185988092 0.0024353094584812756
на 0.002908514013749339 2.302585092994046 0.0066971010108235075
спорт 0.0021152829190904283 2.659260036932778 0.0056250873335436866
в 0.00978318350079323 1.0216512475319812 0.0099950016284197
в 0.00978318350079323 1.0216512475319812 0.0099950016284197
в 0.00978318350079323 1.0216512475319812 0.0099950016284197
работ 0.00026441036488630354 0 0.0
человек 0.004759386567953464 1.7719568419318754 0.008433427592483807
в 0.00978318350079323 1.0216512475319812 0.0099950016284197
в 0.00978318350079323 1.0216512475319812 0.0099950016284197
человек 0.004759386567953464 1.7719568419318754 0.008433427592483807
спорт 0.0021152829190904283 2.659260036932778 0.0056250873335436866
в 0.00978318350079323 1.0216512475319812 0.0099950016284197
в 0.00978318350079323 1.0216512475319812 0.0099950016284197
во 0.00026441036488630354 0 0.0
франции 0.00026441036488630354 0 0.0
одной 0.00026441036488630354 0 0.0
в 0.00978318350079323 1.0216512475319812 0.0099950016284197
в 0.00978318350079323 1.0216512475319812 0.0099950016284197
человек 0.004759386567953464 1.7719568419318754 0.008433427592483807
человек 0.004759386567953464 1.7719568419318754 0.008433427592483807
ещё 0.0005288207297726071 4.605170185988092 0.0024353094584812756
в 0.00978318350079323 1.0216512475319812 0.0099950016284197
части 0.0005288207297726071 4.605170185988092 0.0024353094584812756
спорт 0.0021152829190904283 2.659260036932778 0.0056250873335436866
в 0.00978318350079323 1.0216512475319812 0.0099950016284197
все 0.00026441036488630354 0 0.0
в 0.00978318350079323 1.0216512475319812 0.0099950016284197
как 0.0005288207297726071 4.605170185988092 0.0024353094584812756
это 0.0010576414595452142 3.506557897319982 0.0037086810125013026
результат 0.00026441036488630354 0 0.0
в 0.00978318350079323 1.0216512475319812 0.0099950016284197
на 0.002908514013749339 2.302585092994046 0.0066971010108235075
в 0.00978318350079323 1.0216512475319812 0.0099950016284197
ди 0.0007932310946589106 3.912023005428146 0.0031031382909266097
у 0.0005288207297726071 4.605170185988092 0.0024353094584812756
риа 0.0010576414595452142 3.506557897319982 0.0037086810125013026
в 0.00978318350079323 1.0216512475319812 0.0099950016284197
человек 0.004759386567953464 1.7719568419318754 0.008433427592483807
при 0.00026441036488630354 0 0.0
человек 0.004759386567953464 1.7719568419318754 0.008433427592483807
что 0.00026441036488630354 0 0.0
человек 0.004759386567953464 1.7719568419318754 0.008433427592483807
указ 0.00026441036488630354 0 0.0
риа 0.0010576414595452142 3.506557897319982 0.0037086810125013026
участие 0.0005288207297726071 4.605170185988092 0.0024353094584812756
на 0.002908514013749339 2.302585092994046 0.0066971010108235075
риа 0.0010576414595452142 3.506557897319982 0.0037086810125013026
мир 0.00026441036488630354 0 0.0
в 0.00978318350079323 1.0216512475319812 0.0099950016284197
в 0.00978318350079323 1.0216512475319812 0.0099950016284197
человек 0.004759386567953464 1.7719568419318754 0.008433427592483807
риа 0.0010576414595452142 3.506557897319982 0.0037086810125013026
бе 0.00026441036488630354 0 0.0
человек 0.004759386567953464 1.7719568419318754 0.008433427592483807
в 0.00978318350079323 1.0216512475319812 0.0099950016284197
человек 0.004759386567953464 1.7719568419318754 0.008433427592483807
события 0.009518773135906928 1.0498221244986776 0.00999301863615875
перейти 0.0021152829190904283 2.659260036932778 0.0056250873335436866
события 0.009518773135906928 1.0498221244986776 0.00999301863615875
перейти 0.0021152829190904283 2.659260036932778 0.0056250873335436866
события 0.009518773135906928 1.0498221244986776 0.00999301863615875
события 0.009518773135906928 1.0498221244986776 0.00999301863615875
январь 0.010047593865679535 0.9942522733438669 0.00998984304258777
страница 0.007667900581702803 1.2729656758128876 0.009760974246053343
январь 0.010047593865679535 0.9942522733438669 0.00998984304258777
февраль 0.01110523532522475 0.8915981192837835 0.009901406930174222
февраль 0.01110523532522475 0.8915981192837835 0.009901406930174222
март 0.010047593865679535 0.9942522733438669 0.00998984304258777
март 0.010047593865679535 0.9942522733438669 0.00998984304258777
апрель 0.00978318350079323 1.0216512475319812 0.0099950016284197
апрель 0.00978318350079323 1.0216512475319812 0.0099950016284197
май 0.010312004230565839 0.9675840262617057 0.009977730572238637
страница 0.007667900581702803 1.2729656758128876 0.009760974246053343
май 0.010312004230565839 0.9675840262617057 0.009977730572238637
июнь 0.00978318350079323 1.0216512475319812 0.0099950016284197
страница 0.007667900581702803 1.2729656758128876 0.009760974246053343
июнь 0.00978318350079323 1.0216512475319812 0.0099950016284197
июль 0.00978318350079323 1.0216512475319812 0.0099950016284197
страница 0.007667900581702803 1.2729656758128876 0.009760974246053343
июль 0.00978318350079323 1.0216512475319812 0.0099950016284197
август 0.00978318350079323 1.0216512475319812 0.0099950016284197
страница 0.007667900581702803 1.2729656758128876 0.009760974246053343
август 0.00978318350079323 1.0216512475319812 0.0099950016284197
сентябрь 0.00978318350079323 1.0216512475319812 0.0099950016284197
страница 0.007667900581702803 1.2729656758128876 0.009760974246053343
сентябрь 0.00978318350079323 1.0216512475319812 0.0099950016284197
октябрь 0.00978318350079323 1.0216512475319812 0.0099950016284197
октябрь 0.00978318350079323 1.0216512475319812 0.0099950016284197
ноябрь 0.00978318350079323 1.0216512475319812 0.0099950016284197
ноябрь 0.00978318350079323 1.0216512475319812 0.0099950016284197
декабрь 0.00978318350079323 1.0216512475319812 0.0099950016284197
декабрь 0.00978318350079323 1.0216512475319812 0.0099950016284197
январь 0.010047593865679535 0.9942522733438669 0.00998984304258777
январь 0.010047593865679535 0.9942522733438669 0.00998984304258777
февраль 0.01110523532522475 0.8915981192837835 0.009901406930174222
февраль 0.01110523532522475 0.8915981192837835 0.009901406930174222
март 0.010047593865679535 0.9942522733438669 0.00998984304258777
март 0.010047593865679535 0.9942522733438669 0.00998984304258777
апрель 0.00978318350079323 1.0216512475319812 0.0099950016284197
апрель 0.00978318350079323 1.0216512475319812 0.0099950016284197
май 0.010312004230565839 0.9675840262617057 0.009977730572238637
май 0.010312004230565839 0.9675840262617057 0.009977730572238637
июнь 0.00978318350079323 1.0216512475319812 0.0099950016284197
июнь 0.00978318350079323 1.0216512475319812 0.0099950016284197
июль 0.00978318350079323 1.0216512475319812 0.0099950016284197
июль 0.00978318350079323 1.0216512475319812 0.0099950016284197
август 0.00978318350079323 1.0216512475319812 0.0099950016284197
август 0.00978318350079323 1.0216512475319812 0.0099950016284197
сентябрь 0.00978318350079323 1.0216512475319812 0.0099950016284197
сентябрь 0.00978318350079323 1.0216512475319812 0.0099950016284197
октябрь 0.00978318350079323 1.0216512475319812 0.0099950016284197
октябрь 0.00978318350079323 1.0216512475319812 0.0099950016284197
ноябрь 0.00978318350079323 1.0216512475319812 0.0099950016284197
ноябрь 0.00978318350079323 1.0216512475319812 0.0099950016284197
декабрь 0.00978318350079323 1.0216512475319812 0.0099950016284197
декабрь 0.00978318350079323 1.0216512475319812 0.0099950016284197
январь 0.010047593865679535 0.9942522733438669 0.00998984304258777
январь 0.010047593865679535 0.9942522733438669 0.00998984304258777
февраль 0.01110523532522475 0.8915981192837835 0.009901406930174222
февраль 0.01110523532522475 0.8915981192837835 0.009901406930174222
март 0.010047593865679535 0.9942522733438669 0.00998984304258777
март 0.010047593865679535 0.9942522733438669 0.00998984304258777
апрель 0.00978318350079323 1.0216512475319812 0.0099950016284197
апрель 0.00978318350079323 1.0216512475319812 0.0099950016284197
май 0.010312004230565839 0.9675840262617057 0.009977730572238637
май 0.010312004230565839 0.9675840262617057 0.009977730572238637
июнь 0.00978318350079323 1.0216512475319812 0.0099950016284197
июнь 0.00978318350079323 1.0216512475319812 0.0099950016284197
июль 0.00978318350079323 1.0216512475319812 0.0099950016284197
июль 0.00978318350079323 1.0216512475319812 0.0099950016284197
август 0.00978318350079323 1.0216512475319812 0.0099950016284197
август 0.00978318350079323 1.0216512475319812 0.0099950016284197
сентябрь 0.00978318350079323 1.0216512475319812 0.0099950016284197
сентябрь 0.00978318350079323 1.0216512475319812 0.0099950016284197
октябрь 0.00978318350079323 1.0216512475319812 0.0099950016284197
октябрь 0.00978318350079323 1.0216512475319812 0.0099950016284197
ноябрь 0.00978318350079323 1.0216512475319812 0.0099950016284197
ноябрь 0.00978318350079323 1.0216512475319812 0.0099950016284197
декабрь 0.00978318350079323 1.0216512475319812 0.0099950016284197
декабрь 0.00978318350079323 1.0216512475319812 0.0099950016284197
январь 0.010047593865679535 0.9942522733438669 0.00998984304258777
январь 0.010047593865679535 0.9942522733438669 0.00998984304258777
февраль 0.01110523532522475 0.8915981192837835 0.009901406930174222
февраль 0.01110523532522475 0.8915981192837835 0.009901406930174222
март 0.010047593865679535 0.9942522733438669 0.00998984304258777
март 0.010047593865679535 0.9942522733438669 0.00998984304258777
апрель 0.00978318350079323 1.0216512475319812 0.0099950016284197
апрель 0.00978318350079323 1.0216512475319812 0.0099950016284197
май 0.010312004230565839 0.9675840262617057 0.009977730572238637
май 0.010312004230565839 0.9675840262617057 0.009977730572238637
июнь 0.00978318350079323 1.0216512475319812 0.0099950016284197
июнь 0.00978318350079323 1.0216512475319812 0.0099950016284197
июль 0.00978318350079323 1.0216512475319812 0.0099950016284197
июль 0.00978318350079323 1.0216512475319812 0.0099950016284197
август 0.00978318350079323 1.0216512475319812 0.0099950016284197
август 0.00978318350079323 1.0216512475319812 0.0099950016284197
сентябрь 0.00978318350079323 1.0216512475319812 0.0099950016284197
сентябрь 0.00978318350079323 1.0216512475319812 0.0099950016284197
октябрь 0.00978318350079323 1.0216512475319812 0.0099950016284197
октябрь 0.00978318350079323 1.0216512475319812 0.0099950016284197
ноябрь 0.00978318350079323 1.0216512475319812 0.0099950016284197
ноябрь 0.00978318350079323 1.0216512475319812 0.0099950016284197
декабрь 0.00978318350079323 1.0216512475319812 0.0099950016284197
декабрь 0.00978318350079323 1.0216512475319812 0.0099950016284197
январь 0.010047593865679535 0.9942522733438669 0.00998984304258777
январь 0.010047593865679535 0.9942522733438669 0.00998984304258777
февраль 0.01110523532522475 0.8915981192837835 0.009901406930174222
февраль 0.01110523532522475 0.8915981192837835 0.009901406930174222
март 0.010047593865679535 0.9942522733438669 0.00998984304258777
март 0.010047593865679535 0.9942522733438669 0.00998984304258777
апрель 0.00978318350079323 1.0216512475319812 0.0099950016284197
апрель 0.00978318350079323 1.0216512475319812 0.0099950016284197
май 0.010312004230565839 0.9675840262617057 0.009977730572238637
май 0.010312004230565839 0.9675840262617057 0.009977730572238637
июнь 0.00978318350079323 1.0216512475319812 0.0099950016284197
июнь 0.00978318350079323 1.0216512475319812 0.0099950016284197
июль 0.00978318350079323 1.0216512475319812 0.0099950016284197
июль 0.00978318350079323 1.0216512475319812 0.0099950016284197
август 0.00978318350079323 1.0216512475319812 0.0099950016284197
август 0.00978318350079323 1.0216512475319812 0.0099950016284197
сентябрь 0.00978318350079323 1.0216512475319812 0.0099950016284197
сентябрь 0.00978318350079323 1.0216512475319812 0.0099950016284197
октябрь 0.00978318350079323 1.0216512475319812 0.0099950016284197
октябрь 0.00978318350079323 1.0216512475319812 0.0099950016284197
ноябрь 0.00978318350079323 1.0216512475319812 0.0099950016284197
ноябрь 0.00978318350079323 1.0216512475319812 0.0099950016284197
декабрь 0.00978318350079323 1.0216512475319812 0.0099950016284197
декабрь 0.00978318350079323 1.0216512475319812 0.0099950016284197
январь 0.010047593865679535 0.9942522733438669 0.00998984304258777
январь 0.010047593865679535 0.9942522733438669 0.00998984304258777
февраль 0.01110523532522475 0.8915981192837835 0.009901406930174222
февраль 0.01110523532522475 0.8915981192837835 0.009901406930174222
март 0.010047593865679535 0.9942522733438669 0.00998984304258777
март 0.010047593865679535 0.9942522733438669 0.00998984304258777
апрель 0.00978318350079323 1.0216512475319812 0.0099950016284197
апрель 0.00978318350079323 1.0216512475319812 0.0099950016284197
май 0.010312004230565839 0.9675840262617057 0.009977730572238637
май 0.010312004230565839 0.9675840262617057 0.009977730572238637
июнь 0.00978318350079323 1.0216512475319812 0.0099950016284197
июнь 0.00978318350079323 1.0216512475319812 0.0099950016284197
июль 0.00978318350079323 1.0216512475319812 0.0099950016284197
июль 0.00978318350079323 1.0216512475319812 0.0099950016284197
август 0.00978318350079323 1.0216512475319812 0.0099950016284197
август 0.00978318350079323 1.0216512475319812 0.0099950016284197
сентябрь 0.00978318350079323 1.0216512475319812 0.0099950016284197
сентябрь 0.00978318350079323 1.0216512475319812 0.0099950016284197
октябрь 0.00978318350079323 1.0216512475319812 0.0099950016284197
октябрь 0.00978318350079323 1.0216512475319812 0.0099950016284197
ноябрь 0.00978318350079323 1.0216512475319812 0.0099950016284197
ноябрь 0.00978318350079323 1.0216512475319812 0.0099950016284197
декабрь 0.00978318350079323 1.0216512475319812 0.0099950016284197
декабрь 0.00978318350079323 1.0216512475319812 0.0099950016284197
январь 0.010047593865679535 0.9942522733438669 0.00998984304258777
январь 0.010047593865679535 0.9942522733438669 0.00998984304258777
февраль 0.01110523532522475 0.8915981192837835 0.009901406930174222
февраль 0.01110523532522475 0.8915981192837835 0.009901406930174222
март 0.010047593865679535 0.9942522733438669 0.00998984304258777
март 0.010047593865679535 0.9942522733438669 0.00998984304258777
апрель 0.00978318350079323 1.0216512475319812 0.0099950016284197
апрель 0.00978318350079323 1.0216512475319812 0.0099950016284197
май 0.010312004230565839 0.9675840262617057 0.009977730572238637
май 0.010312004230565839 0.9675840262617057 0.009977730572238637
июнь 0.00978318350079323 1.0216512475319812 0.0099950016284197
июнь 0.00978318350079323 1.0216512475319812 0.0099950016284197
июль 0.00978318350079323 1.0216512475319812 0.0099950016284197
июль 0.00978318350079323 1.0216512475319812 0.0099950016284197
август 0.00978318350079323 1.0216512475319812 0.0099950016284197
август 0.00978318350079323 1.0216512475319812 0.0099950016284197
сентябрь 0.00978318350079323 1.0216512475319812 0.0099950016284197
сентябрь 0.00978318350079323 1.0216512475319812 0.0099950016284197
октябрь 0.00978318350079323 1.0216512475319812 0.0099950016284197
октябрь 0.00978318350079323 1.0216512475319812 0.0099950016284197
ноябрь 0.00978318350079323 1.0216512475319812 0.0099950016284197
ноябрь 0.00978318350079323 1.0216512475319812 0.0099950016284197
декабрь 0.00978318350079323 1.0216512475319812 0.0099950016284197
декабрь 0.00978318350079323 1.0216512475319812 0.0099950016284197
январь 0.010047593865679535 0.9942522733438669 0.00998984304258777
январь 0.010047593865679535 0.9942522733438669 0.00998984304258777
февраль 0.01110523532522475 0.8915981192837835 0.009901406930174222
февраль 0.01110523532522475 0.8915981192837835 0.009901406930174222
март 0.010047593865679535 0.9942522733438669 0.00998984304258777
март 0.010047593865679535 0.9942522733438669 0.00998984304258777
апрель 0.00978318350079323 1.0216512475319812 0.0099950016284197
апрель 0.00978318350079323 1.0216512475319812 0.0099950016284197
май 0.010312004230565839 0.9675840262617057 0.009977730572238637
май 0.010312004230565839 0.9675840262617057 0.009977730572238637
июнь 0.00978318350079323 1.0216512475319812 0.0099950016284197
июнь 0.00978318350079323 1.0216512475319812 0.0099950016284197
июль 0.00978318350079323 1.0216512475319812 0.0099950016284197
июль 0.00978318350079323 1.0216512475319812 0.0099950016284197
август 0.00978318350079323 1.0216512475319812 0.0099950016284197
август 0.00978318350079323 1.0216512475319812 0.0099950016284197
сентябрь 0.00978318350079323 1.0216512475319812 0.0099950016284197
сентябрь 0.00978318350079323 1.0216512475319812 0.0099950016284197
октябрь 0.00978318350079323 1.0216512475319812 0.0099950016284197
октябрь 0.00978318350079323 1.0216512475319812 0.0099950016284197
ноябрь 0.00978318350079323 1.0216512475319812 0.0099950016284197
ноябрь 0.00978318350079323 1.0216512475319812 0.0099950016284197
декабрь 0.00978318350079323 1.0216512475319812 0.0099950016284197
декабрь 0.00978318350079323 1.0216512475319812 0.0099950016284197
январь 0.010047593865679535 0.9942522733438669 0.00998984304258777
январь 0.010047593865679535 0.9942522733438669 0.00998984304258777
февраль 0.01110523532522475 0.8915981192837835 0.009901406930174222
февраль 0.01110523532522475 0.8915981192837835 0.009901406930174222
март 0.010047593865679535 0.9942522733438669 0.00998984304258777
март 0.010047593865679535 0.9942522733438669 0.00998984304258777
апрель 0.00978318350079323 1.0216512475319812 0.0099950016284197
апрель 0.00978318350079323 1.0216512475319812 0.0099950016284197
май 0.010312004230565839 0.9675840262617057 0.009977730572238637
май 0.010312004230565839 0.9675840262617057 0.009977730572238637
июнь 0.00978318350079323 1.0216512475319812 0.0099950016284197
июнь 0.00978318350079323 1.0216512475319812 0.0099950016284197
июль 0.00978318350079323 1.0216512475319812 0.0099950016284197
июль 0.00978318350079323 1.0216512475319812 0.0099950016284197
август 0.00978318350079323 1.0216512475319812 0.0099950016284197
август 0.00978318350079323 1.0216512475319812 0.0099950016284197
сентябрь 0.00978318350079323 1.0216512475319812 0.0099950016284197
сентябрь 0.00978318350079323 1.0216512475319812 0.0099950016284197
октябрь 0.00978318350079323 1.0216512475319812 0.0099950016284197
октябрь 0.00978318350079323 1.0216512475319812 0.0099950016284197
ноябрь 0.00978318350079323 1.0216512475319812 0.0099950016284197
ноябрь 0.00978318350079323 1.0216512475319812 0.0099950016284197
декабрь 0.00978318350079323 1.0216512475319812 0.0099950016284197
декабрь 0.00978318350079323 1.0216512475319812 0.0099950016284197
январь 0.010047593865679535 0.9942522733438669 0.00998984304258777
январь 0.010047593865679535 0.9942522733438669 0.00998984304258777
февраль 0.01110523532522475 0.8915981192837835 0.009901406930174222
февраль 0.01110523532522475 0.8915981192837835 0.009901406930174222
март 0.010047593865679535 0.9942522733438669 0.00998984304258777
март 0.010047593865679535 0.9942522733438669 0.00998984304258777
апрель 0.00978318350079323 1.0216512475319812 0.0099950016284197
апрель 0.00978318350079323 1.0216512475319812 0.0099950016284197
май 0.010312004230565839 0.9675840262617057 0.009977730572238637
май 0.010312004230565839 0.9675840262617057 0.009977730572238637
июнь 0.00978318350079323 1.0216512475319812 0.0099950016284197
июнь 0.00978318350079323 1.0216512475319812 0.0099950016284197
июль 0.00978318350079323 1.0216512475319812 0.0099950016284197
июль 0.00978318350079323 1.0216512475319812 0.0099950016284197
август 0.00978318350079323 1.0216512475319812 0.0099950016284197
август 0.00978318350079323 1.0216512475319812 0.0099950016284197
сентябрь 0.00978318350079323 1.0216512475319812 0.0099950016284197
сентябрь 0.00978318350079323 1.0216512475319812 0.0099950016284197
октябрь 0.00978318350079323 1.0216512475319812 0.0099950016284197
октябрь 0.00978318350079323 1.0216512475319812 0.0099950016284197
ноябрь 0.00978318350079323 1.0216512475319812 0.0099950016284197
ноябрь 0.00978318350079323 1.0216512475319812 0.0099950016284197
декабрь 0.00978318350079323 1.0216512475319812 0.0099950016284197
декабрь 0.00978318350079323 1.0216512475319812 0.0099950016284197
январь 0.010047593865679535 0.9942522733438669 0.00998984304258777
январь 0.010047593865679535 0.9942522733438669 0.00998984304258777
февраль 0.01110523532522475 0.8915981192837835 0.009901406930174222
февраль 0.01110523532522475 0.8915981192837835 0.009901406930174222
март 0.010047593865679535 0.9942522733438669 0.00998984304258777
март 0.010047593865679535 0.9942522733438669 0.00998984304258777
апрель 0.00978318350079323 1.0216512475319812 0.0099950016284197
апрель 0.00978318350079323 1.0216512475319812 0.0099950016284197
май 0.010312004230565839 0.9675840262617057 0.009977730572238637
май 0.010312004230565839 0.9675840262617057 0.009977730572238637
июнь 0.00978318350079323 1.0216512475319812 0.0099950016284197
июнь 0.00978318350079323 1.0216512475319812 0.0099950016284197
июль 0.00978318350079323 1.0216512475319812 0.0099950016284197
июль 0.00978318350079323 1.0216512475319812 0.0099950016284197
август 0.00978318350079323 1.0216512475319812 0.0099950016284197
август 0.00978318350079323 1.0216512475319812 0.0099950016284197
сентябрь 0.00978318350079323 1.0216512475319812 0.0099950016284197
сентябрь 0.00978318350079323 1.0216512475319812 0.0099950016284197
октябрь 0.00978318350079323 1.0216512475319812 0.0099950016284197
октябрь 0.00978318350079323 1.0216512475319812 0.0099950016284197
ноябрь 0.00978318350079323 1.0216512475319812 0.0099950016284197
ноябрь 0.00978318350079323 1.0216512475319812 0.0099950016284197
декабрь 0.00978318350079323 1.0216512475319812 0.0099950016284197
декабрь 0.00978318350079323 1.0216512475319812 0.0099950016284197
январь 0.010047593865679535 0.9942522733438669 0.00998984304258777
январь 0.010047593865679535 0.9942522733438669 0.00998984304258777
февраль 0.01110523532522475 0.8915981192837835 0.009901406930174222
февраль 0.01110523532522475 0.8915981192837835 0.009901406930174222
март 0.010047593865679535 0.9942522733438669 0.00998984304258777
март 0.010047593865679535 0.9942522733438669 0.00998984304258777
апрель 0.00978318350079323 1.0216512475319812 0.0099950016284197
апрель 0.00978318350079323 1.0216512475319812 0.0099950016284197
май 0.010312004230565839 0.9675840262617057 0.009977730572238637
май 0.010312004230565839 0.9675840262617057 0.009977730572238637
июнь 0.00978318350079323 1.0216512475319812 0.0099950016284197
июнь 0.00978318350079323 1.0216512475319812 0.0099950016284197
июль 0.00978318350079323 1.0216512475319812 0.0099950016284197
июль 0.00978318350079323 1.0216512475319812 0.0099950016284197
август 0.00978318350079323 1.0216512475319812 0.0099950016284197
август 0.00978318350079323 1.0216512475319812 0.0099950016284197
сентябрь 0.00978318350079323 1.0216512475319812 0.0099950016284197
сентябрь 0.00978318350079323 1.0216512475319812 0.0099950016284197
октябрь 0.00978318350079323 1.0216512475319812 0.0099950016284197
октябрь 0.00978318350079323 1.0216512475319812 0.0099950016284197
ноябрь 0.00978318350079323 1.0216512475319812 0.0099950016284197
ноябрь 0.00978318350079323 1.0216512475319812 0.0099950016284197
декабрь 0.00978318350079323 1.0216512475319812 0.0099950016284197
декабрь 0.00978318350079323 1.0216512475319812 0.0099950016284197
январь 0.010047593865679535 0.9942522733438669 0.00998984304258777
январь 0.010047593865679535 0.9942522733438669 0.00998984304258777
февраль 0.01110523532522475 0.8915981192837835 0.009901406930174222
февраль 0.01110523532522475 0.8915981192837835 0.009901406930174222
март 0.010047593865679535 0.9942522733438669 0.00998984304258777
март 0.010047593865679535 0.9942522733438669 0.00998984304258777
апрель 0.00978318350079323 1.0216512475319812 0.0099950016284197
апрель 0.00978318350079323 1.0216512475319812 0.0099950016284197
май 0.010312004230565839 0.9675840262617057 0.009977730572238637
май 0.010312004230565839 0.9675840262617057 0.009977730572238637
июнь 0.00978318350079323 1.0216512475319812 0.0099950016284197
июнь 0.00978318350079323 1.0216512475319812 0.0099950016284197
июль 0.00978318350079323 1.0216512475319812 0.0099950016284197
июль 0.00978318350079323 1.0216512475319812 0.0099950016284197
август 0.00978318350079323 1.0216512475319812 0.0099950016284197
август 0.00978318350079323 1.0216512475319812 0.0099950016284197
сентябрь 0.00978318350079323 1.0216512475319812 0.0099950016284197
сентябрь 0.00978318350079323 1.0216512475319812 0.0099950016284197
октябрь 0.00978318350079323 1.0216512475319812 0.0099950016284197
октябрь 0.00978318350079323 1.0216512475319812 0.0099950016284197
ноябрь 0.00978318350079323 1.0216512475319812 0.0099950016284197
ноябрь 0.00978318350079323 1.0216512475319812 0.0099950016284197
декабрь 0.00978318350079323 1.0216512475319812 0.0099950016284197
декабрь 0.00978318350079323 1.0216512475319812 0.0099950016284197
январь 0.010047593865679535 0.9942522733438669 0.00998984304258777
январь 0.010047593865679535 0.9942522733438669 0.00998984304258777
февраль 0.01110523532522475 0.8915981192837835 0.009901406930174222
февраль 0.01110523532522475 0.8915981192837835 0.009901406930174222
март 0.010047593865679535 0.9942522733438669 0.00998984304258777
март 0.010047593865679535 0.9942522733438669 0.00998984304258777
апрель 0.00978318350079323 1.0216512475319812 0.0099950016284197
апрель 0.00978318350079323 1.0216512475319812 0.0099950016284197
май 0.010312004230565839 0.9675840262617057 0.009977730572238637
май 0.010312004230565839 0.9675840262617057 0.009977730572238637
июнь 0.00978318350079323 1.0216512475319812 0.0099950016284197
июнь 0.00978318350079323 1.0216512475319812 0.0099950016284197
июль 0.00978318350079323 1.0216512475319812 0.0099950016284197
июль 0.00978318350079323 1.0216512475319812 0.0099950016284197
август 0.00978318350079323 1.0216512475319812 0.0099950016284197
август 0.00978318350079323 1.0216512475319812 0.0099950016284197
сентябрь 0.00978318350079323 1.0216512475319812 0.0099950016284197
сентябрь 0.00978318350079323 1.0216512475319812 0.0099950016284197
октябрь 0.00978318350079323 1.0216512475319812 0.0099950016284197
октябрь 0.00978318350079323 1.0216512475319812 0.0099950016284197
ноябрь 0.00978318350079323 1.0216512475319812 0.0099950016284197
ноябрь 0.00978318350079323 1.0216512475319812 0.0099950016284197
декабрь 0.00978318350079323 1.0216512475319812 0.0099950016284197
декабрь 0.00978318350079323 1.0216512475319812 0.0099950016284197
январь 0.010047593865679535 0.9942522733438669 0.00998984304258777
январь 0.010047593865679535 0.9942522733438669 0.00998984304258777
февраль 0.01110523532522475 0.8915981192837835 0.009901406930174222
февраль 0.01110523532522475 0.8915981192837835 0.009901406930174222
март 0.010047593865679535 0.9942522733438669 0.00998984304258777
март 0.010047593865679535 0.9942522733438669 0.00998984304258777
апрель 0.00978318350079323 1.0216512475319812 0.0099950016284197
апрель 0.00978318350079323 1.0216512475319812 0.0099950016284197
май 0.010312004230565839 0.9675840262617057 0.009977730572238637
май 0.010312004230565839 0.9675840262617057 0.009977730572238637
июнь 0.00978318350079323 1.0216512475319812 0.0099950016284197
июнь 0.00978318350079323 1.0216512475319812 0.0099950016284197
июль 0.00978318350079323 1.0216512475319812 0.0099950016284197
июль 0.00978318350079323 1.0216512475319812 0.0099950016284197
август 0.00978318350079323 1.0216512475319812 0.0099950016284197
август 0.00978318350079323 1.0216512475319812 0.0099950016284197
сентябрь 0.00978318350079323 1.0216512475319812 0.0099950016284197
сентябрь 0.00978318350079323 1.0216512475319812 0.0099950016284197
октябрь 0.00978318350079323 1.0216512475319812 0.0099950016284197
октябрь 0.00978318350079323 1.0216512475319812 0.0099950016284197
ноябрь 0.00978318350079323 1.0216512475319812 0.0099950016284197
ноябрь 0.00978318350079323 1.0216512475319812 0.0099950016284197
декабрь 0.00978318350079323 1.0216512475319812 0.0099950016284197
декабрь 0.00978318350079323 1.0216512475319812 0.0099950016284197
январь 0.010047593865679535 0.9942522733438669 0.00998984304258777
январь 0.010047593865679535 0.9942522733438669 0.00998984304258777
февраль 0.01110523532522475 0.8915981192837835 0.009901406930174222
февраль 0.01110523532522475 0.8915981192837835 0.009901406930174222
март 0.010047593865679535 0.9942522733438669 0.00998984304258777
март 0.010047593865679535 0.9942522733438669 0.00998984304258777
апрель 0.00978318350079323 1.0216512475319812 0.0099950016284197
апрель 0.00978318350079323 1.0216512475319812 0.0099950016284197
май 0.010312004230565839 0.9675840262617057 0.009977730572238637
май 0.010312004230565839 0.9675840262617057 0.009977730572238637
июнь 0.00978318350079323 1.0216512475319812 0.0099950016284197
июнь 0.00978318350079323 1.0216512475319812 0.0099950016284197
июль 0.00978318350079323 1.0216512475319812 0.0099950016284197
июль 0.00978318350079323 1.0216512475319812 0.0099950016284197
август 0.00978318350079323 1.0216512475319812 0.0099950016284197
август 0.00978318350079323 1.0216512475319812 0.0099950016284197
сентябрь 0.00978318350079323 1.0216512475319812 0.0099950016284197
сентябрь 0.00978318350079323 1.0216512475319812 0.0099950016284197
октябрь 0.00978318350079323 1.0216512475319812 0.0099950016284197
октябрь 0.00978318350079323 1.0216512475319812 0.0099950016284197
ноябрь 0.00978318350079323 1.0216512475319812 0.0099950016284197
ноябрь 0.00978318350079323 1.0216512475319812 0.0099950016284197
декабрь 0.00978318350079323 1.0216512475319812 0.0099950016284197
декабрь 0.00978318350079323 1.0216512475319812 0.0099950016284197
январь 0.010047593865679535 0.9942522733438669 0.00998984304258777
январь 0.010047593865679535 0.9942522733438669 0.00998984304258777
февраль 0.01110523532522475 0.8915981192837835 0.009901406930174222
февраль 0.01110523532522475 0.8915981192837835 0.009901406930174222
март 0.010047593865679535 0.9942522733438669 0.00998984304258777
март 0.010047593865679535 0.9942522733438669 0.00998984304258777
апрель 0.00978318350079323 1.0216512475319812 0.0099950016284197
апрель 0.00978318350079323 1.0216512475319812 0.0099950016284197
май 0.010312004230565839 0.9675840262617057 0.009977730572238637
май 0.010312004230565839 0.9675840262617057 0.009977730572238637
июнь 0.00978318350079323 1.0216512475319812 0.0099950016284197
июнь 0.00978318350079323 1.0216512475319812 0.0099950016284197
июль 0.00978318350079323 1.0216512475319812 0.0099950016284197
июль 0.00978318350079323 1.0216512475319812 0.0099950016284197
август 0.00978318350079323 1.0216512475319812 0.0099950016284197
август 0.00978318350079323 1.0216512475319812 0.0099950016284197
сентябрь 0.00978318350079323 1.0216512475319812 0.0099950016284197
сентябрь 0.00978318350079323 1.0216512475319812 0.0099950016284197
октябрь 0.00978318350079323 1.0216512475319812 0.0099950016284197
октябрь 0.00978318350079323 1.0216512475319812 0.0099950016284197
ноябрь 0.00978318350079323 1.0216512475319812 0.0099950016284197
ноябрь 0.00978318350079323 1.0216512475319812 0.0099950016284197
декабрь 0.00978318350079323 1.0216512475319812 0.0099950016284197
декабрь 0.00978318350079323 1.0216512475319812 0.0099950016284197
январь 0.010047593865679535 0.9942522733438669 0.00998984304258777
январь 0.010047593865679535 0.9942522733438669 0.00998984304258777
февраль 0.01110523532522475 0.8915981192837835 0.009901406930174222
февраль 0.01110523532522475 0.8915981192837835 0.009901406930174222
март 0.010047593865679535 0.9942522733438669 0.00998984304258777
страница 0.007667900581702803 1.2729656758128876 0.009760974246053343
март 0.010047593865679535 0.9942522733438669 0.00998984304258777
апрель 0.00978318350079323 1.0216512475319812 0.0099950016284197
страница 0.007667900581702803 1.2729656758128876 0.009760974246053343
апрель 0.00978318350079323 1.0216512475319812 0.0099950016284197
май 0.010312004230565839 0.9675840262617057 0.009977730572238637
страница 0.007667900581702803 1.2729656758128876 0.009760974246053343
май 0.010312004230565839 0.9675840262617057 0.009977730572238637
июнь 0.00978318350079323 1.0216512475319812 0.0099950016284197
страница 0.007667900581702803 1.2729656758128876 0.009760974246053343
июнь 0.00978318350079323 1.0216512475319812 0.0099950016284197
июль 0.00978318350079323 1.0216512475319812 0.0099950016284197
страница 0.007667900581702803 1.2729656758128876 0.009760974246053343
июль 0.00978318350079323 1.0216512475319812 0.0099950016284197
август 0.00978318350079323 1.0216512475319812 0.0099950016284197
страница 0.007667900581702803 1.2729656758128876 0.009760974246053343
август 0.00978318350079323 1.0216512475319812 0.0099950016284197
сентябрь 0.00978318350079323 1.0216512475319812 0.0099950016284197
страница 0.007667900581702803 1.2729656758128876 0.009760974246053343
сентябрь 0.00978318350079323 1.0216512475319812 0.0099950016284197
октябрь 0.00978318350079323 1.0216512475319812 0.0099950016284197
страница 0.007667900581702803 1.2729656758128876 0.009760974246053343
октябрь 0.00978318350079323 1.0216512475319812 0.0099950016284197
ноябрь 0.00978318350079323 1.0216512475319812 0.0099950016284197
страница 0.007667900581702803 1.2729656758128876 0.009760974246053343
ноябрь 0.00978318350079323 1.0216512475319812 0.0099950016284197
декабрь 0.00978318350079323 1.0216512475319812 0.0099950016284197
страница 0.007667900581702803 1.2729656758128876 0.009760974246053343
декабрь 0.00978318350079323 1.0216512475319812 0.0099950016284197
источник 0.00026441036488630354 0 0.0
служебная 0.0013220518244315177 3.2188758248682006 0.004255520656885511
категории 0.0005288207297726071 4.605170185988092 0.0024353094584812756
категории 0.0005288207297726071 4.605170185988092 0.0024353094584812756
категория 0.0013220518244315177 3.2188758248682006 0.004255520656885511
алфавиту 0.0007932310946589106 3.912023005428146 0.0031031382909266097
алфавиту 0.0007932310946589106 3.912023005428146 0.0031031382909266097
категория 0.0013220518244315177 3.2188758248682006 0.004255520656885511
википедия 0.0031729243786356425 2.207274913189721 0.007003516382410538
содержание 0.0010576414595452142 3.506557897319982 0.0037086810125013026
википедии 0.0026441036488630354 2.407945608651872 0.0063668577701001365
википедия 0.0031729243786356425 2.207274913189721 0.007003516382410538
содержание 0.0010576414595452142 3.506557897319982 0.0037086810125013026
википедии 0.0026441036488630354 2.407945608651872 0.0063668577701001365
навигация 0.0005288207297726071 4.605170185988092 0.0024353094584812756
персональные 0.00026441036488630354 0 0.0
инструменты 0.0005288207297726071 4.605170185988092 0.0024353094584812756
страница 0.007667900581702803 1.2729656758128876 0.009760974246053343
участника 0.00026441036488630354 0 0.0
моего 0.0005288207297726071 4.605170185988092 0.0024353094584812756
вы 0.0005288207297726071 4.605170185988092 0.0024353094584812756
представились 0.00026441036488630354 0 0.0
системе 0.0005288207297726071 4.605170185988092 0.0024353094584812756
страница 0.007667900581702803 1.2729656758128876 0.009760974246053343
обсуждений 0.00026441036488630354 0 0.0
моего 0.0005288207297726071 4.605170185988092 0.0024353094584812756
обсуждение 0.003966155473294554 1.9661128563728327 0.0077979092664178995
список 0.002908514013749339 2.302585092994046 0.0066971010108235075
правок 0.00026441036488630354 0 0.0
сделанных 0.00026441036488630354 0 0.0
вклад 0.00026441036488630354 0 0.0
мы 0.00026441036488630354 0 0.0
предлагаем 0.00026441036488630354 0 0.0
создать 0.0010576414595452142 3.506557897319982 0.0037086810125013026
учётную 0.0005288207297726071 4.605170185988092 0.0024353094584812756
запись 0.0007932310946589106 3.912023005428146 0.0031031382909266097
войти 0.0005288207297726071 4.605170185988092 0.0024353094584812756
систему 0.00026441036488630354 0 0.0
хотя 0.00026441036488630354 0 0.0
это 0.0010576414595452142 3.506557897319982 0.0037086810125013026
обязательно 0.00026441036488630354 0 0.0
создать 0.0010576414595452142 3.506557897319982 0.0037086810125013026
учётную 0.0005288207297726071 4.605170185988092 0.0024353094584812756
запись 0.0007932310946589106 3.912023005428146 0.0031031382909266097
здесь 0.00026441036488630354 0 0.0
зарегистрироваться 0.00026441036488630354 0 0.0
системе 0.0005288207297726071 4.605170185988092 0.0024353094584812756
это 0.0010576414595452142 3.506557897319982 0.0037086810125013026
необязательно 0.00026441036488630354 0 0.0
войти 0.0005288207297726071 4.605170185988092 0.0024353094584812756
пространства 0.00026441036488630354 0 0.0
имён 0.00026441036488630354 0 0.0
обсуждение 0.003966155473294554 1.9661128563728327 0.0077979092664178995
основной 0.00026441036488630354 0 0.0
страницы 0.003966155473294554 1.9661128563728327 0.0077979092664178995
обсуждение 0.003966155473294554 1.9661128563728327 0.0077979092664178995
изменить 0.00026441036488630354 0 0.0
вариант 0.00026441036488630354 0 0.0
языка 0.00026441036488630354 0 0.0
русский 0.0005288207297726071 4.605170185988092 0.0024353094584812756
просмотры 0.00026441036488630354 0 0.0
читать 0.00026441036488630354 0 0.0
эта 0.0007932310946589106 3.912023005428146 0.0031031382909266097
страница 0.007667900581702803 1.2729656758128876 0.009760974246053343
изменений 0.0007932310946589106 3.912023005428146 0.0031031382909266097
вы 0.0005288207297726071 4.605170185988092 0.0024353094584812756
посмотреть 0.0005288207297726071 4.605170185988092 0.0024353094584812756
текст 0.0007932310946589106 3.912023005428146 0.0031031382909266097
просмотр 0.002379693283976732 2.5257286443082556 0.006010459492008012
журнал 0.00026441036488630354 0 0.0
изменений 0.0007932310946589106 3.912023005428146 0.0031031382909266097
страницы 0.003966155473294554 1.9661128563728327 0.0077979092664178995
история 0.0007932310946589106 3.912023005428146 0.0031031382909266097
больше 0.00026441036488630354 0 0.0
возможностей 0.00026441036488630354 0 0.0
ещё 0.0005288207297726071 4.605170185988092 0.0024353094584812756
искать 0.0007932310946589106 3.912023005428146 0.0031031382909266097
википедии 0.0026441036488630354 2.407945608651872 0.0063668577701001365
искать 0.0007932310946589106 3.912023005428146 0.0031031382909266097
википедии 0.0026441036488630354 2.407945608651872 0.0063668577701001365
искать 0.0007932310946589106 3.912023005428146 0.0031031382909266097
википедии 0.0026441036488630354 2.407945608651872 0.0063668577701001365
служебная 0.0013220518244315177 3.2188758248682006 0.004255520656885511
поиск 0.00026441036488630354 0 0.0
найти 0.0005288207297726071 4.605170185988092 0.0024353094584812756
страницы 0.003966155473294554 1.9661128563728327 0.0077979092664178995
содержащие 0.00026441036488630354 0 0.0
указанный 0.00026441036488630354 0 0.0
текст 0.0007932310946589106 3.912023005428146 0.0031031382909266097
найти 0.0005288207297726071 4.605170185988092 0.0024353094584812756
перейти 0.0021152829190904283 2.659260036932778 0.0056250873335436866
странице 0.0013220518244315177 3.2188758248682006 0.004255520656885511
имеющей 0.00026441036488630354 0 0.0
точности 0.00026441036488630354 0 0.0
такое 0.00026441036488630354 0 0.0
название 0.00026441036488630354 0 0.0
перейти 0.0021152829190904283 2.659260036932778 0.0056250873335436866
перейти 0.0021152829190904283 2.659260036932778 0.0056250873335436866
заглавную 0.0005288207297726071 4.605170185988092 0.0024353094584812756
страницу 0.0010576414595452142 3.506557897319982 0.0037086810125013026
навигация 0.0005288207297726071 4.605170185988092 0.0024353094584812756
перейти 0.0021152829190904283 2.659260036932778 0.0056250873335436866
заглавную 0.0005288207297726071 4.605170185988092 0.0024353094584812756
страницу 0.0010576414595452142 3.506557897319982 0.0037086810125013026
заглавная 0.0005288207297726071 4.605170185988092 0.0024353094584812756
страница 0.007667900581702803 1.2729656758128876 0.009760974246053343
содержание 0.0010576414595452142 3.506557897319982 0.0037086810125013026
статьи 0.002379693283976732 2.5257286443082556 0.006010459492008012
считающиеся 0.00026441036488630354 0 0.0
лучшими 0.00026441036488630354 0 0.0
статьями 0.00026441036488630354 0 0.0
проекта 0.00026441036488630354 0 0.0
избранные 0.00026441036488630354 0 0.0
статьи 0.002379693283976732 2.5257286443082556 0.006010459492008012
посмотреть 0.0005288207297726071 4.605170185988092 0.0024353094584812756
случайно 0.00026441036488630354 0 0.0
выбранную 0.00026441036488630354 0 0.0
страницу 0.0010576414595452142 3.506557897319982 0.0037086810125013026
случайная 0.00026441036488630354 0 0.0
статья 0.00026441036488630354 0 0.0
статьи 0.002379693283976732 2.5257286443082556 0.006010459492008012
текущих 0.00026441036488630354 0 0.0
событиях 0.00026441036488630354 0 0.0
мире 0.0005288207297726071 4.605170185988092 0.0024353094584812756
текущие 0.005023796932839768 1.7147984280919266 0.008614799083486675
события 0.009518773135906928 1.0498221244986776 0.00999301863615875
поддержите 0.00026441036488630354 0 0.0
пожертвовать 0.00026441036488630354 0 0.0
участие 0.0005288207297726071 4.605170185988092 0.0024353094584812756
сообщить 0.0005288207297726071 4.605170185988092 0.0024353094584812756
ошибке 0.0005288207297726071 4.605170185988092 0.0024353094584812756
статье 0.00026441036488630354 0 0.0
сообщить 0.0005288207297726071 4.605170185988092 0.0024353094584812756
ошибке 0.0005288207297726071 4.605170185988092 0.0024353094584812756
как 0.0005288207297726071 4.605170185988092 0.0024353094584812756
править 0.002379693283976732 2.5257286443082556 0.006010459492008012
статьи 0.002379693283976732 2.5257286443082556 0.006010459492008012
о 0.00026441036488630354 0 0.0
проекте 0.00026441036488630354 0 0.0
заниматься 0.00026441036488630354 0 0.0
также 0.0007932310946589106 3.912023005428146 0.0031031382909266097
находится 0.00026441036488630354 0 0.0
сообщество 0.00026441036488630354 0 0.0
форум 0.0005288207297726071 4.605170185988092 0.0024353094584812756
участников 0.0005288207297726071 4.605170185988092 0.0024353094584812756
википедии 0.0026441036488630354 2.407945608651872 0.0063668577701001365
форум 0.0005288207297726071 4.605170185988092 0.0024353094584812756
список 0.002908514013749339 2.302585092994046 0.0066971010108235075
последних 0.00026441036488630354 0 0.0
изменений 0.0007932310946589106 3.912023005428146 0.0031031382909266097
свежие 0.00026441036488630354 0 0.0
правки 0.0005288207297726071 4.605170185988092 0.0024353094584812756
список 0.002908514013749339 2.302585092994046 0.0066971010108235075
недавно 0.0018508725542041248 2.8134107167600364 0.005207264679354906
созданных 0.00026441036488630354 0 0.0
страниц 0.0007932310946589106 3.912023005428146 0.0031031382909266097
новые 0.00026441036488630354 0 0.0
страницы 0.003966155473294554 1.9661128563728327 0.0077979092664178995
место 0.00026441036488630354 0 0.0
расположения 0.00026441036488630354 0 0.0
справки 0.00026441036488630354 0 0.0
справка 0.00026441036488630354 0 0.0
инструменты 0.0005288207297726071 4.605170185988092 0.0024353094584812756
список 0.002908514013749339 2.302585092994046 0.0066971010108235075
страниц 0.0007932310946589106 3.912023005428146 0.0031031382909266097
ссылающихся 0.00026441036488630354 0 0.0
данную 0.00026441036488630354 0 0.0
ссылки 0.0010576414595452142 3.506557897319982 0.0037086810125013026
сюда 0.00026441036488630354 0 0.0
последние 0.0005288207297726071 4.605170185988092 0.0024353094584812756
изменения 0.00026441036488630354 0 0.0
страницах 0.00026441036488630354 0 0.0
которые 0.0005288207297726071 4.605170185988092 0.0024353094584812756
ссылается 0.00026441036488630354 0 0.0
эта 0.0007932310946589106 3.912023005428146 0.0031031382909266097
страница 0.007667900581702803 1.2729656758128876 0.009760974246053343
связанные 0.00026441036488630354 0 0.0
правки 0.0005288207297726071 4.605170185988092 0.0024353094584812756
список 0.002908514013749339 2.302585092994046 0.0066971010108235075
служебных 0.00026441036488630354 0 0.0
страниц 0.0007932310946589106 3.912023005428146 0.0031031382909266097
служебные 0.00026441036488630354 0 0.0
страницы 0.003966155473294554 1.9661128563728327 0.0077979092664178995
постоянная 0.0005288207297726071 4.605170185988092 0.0024353094584812756
ссылка 0.0007932310946589106 3.912023005428146 0.0031031382909266097
версию 0.00026441036488630354 0 0.0
страницы 0.003966155473294554 1.9661128563728327 0.0077979092664178995
постоянная 0.0005288207297726071 4.605170185988092 0.0024353094584812756
ссылка 0.0007932310946589106 3.912023005428146 0.0031031382909266097
подробнее 0.0005288207297726071 4.605170185988092 0.0024353094584812756
странице 0.0013220518244315177 3.2188758248682006 0.004255520656885511
сведения 0.00026441036488630354 0 0.0
странице 0.0013220518244315177 3.2188758248682006 0.004255520656885511
ссылка 0.0007932310946589106 3.912023005428146 0.0031031382909266097
связанный 0.00026441036488630354 0 0.0
элемент 0.0005288207297726071 4.605170185988092 0.0024353094584812756
репозитория 0.00026441036488630354 0 0.0
данных 0.00026441036488630354 0 0.0
элемент 0.0005288207297726071 4.605170185988092 0.0024353094584812756
викиданных 0.00026441036488630354 0 0.0
создать 0.0010576414595452142 3.506557897319982 0.0037086810125013026
книгу 0.0005288207297726071 4.605170185988092 0.0024353094584812756
коллекцию 0.00026441036488630354 0 0.0
статей 0.0007932310946589106 3.912023005428146 0.0031031382909266097
создать 0.0010576414595452142 3.506557897319982 0.0037086810125013026
книгу 0.0005288207297726071 4.605170185988092 0.0024353094584812756
скачать 0.0005288207297726071 4.605170185988092 0.0024353094584812756
страницу 0.0010576414595452142 3.506557897319982 0.0037086810125013026
файл 0.00026441036488630354 0 0.0
скачать 0.0005288207297726071 4.605170185988092 0.0024353094584812756
версия 0.0026441036488630354 2.407945608651872 0.0063668577701001365
страницы 0.003966155473294554 1.9661128563728327 0.0077979092664178995
печати 0.0005288207297726071 4.605170185988092 0.0024353094584812756
версия 0.0026441036488630354 2.407945608651872 0.0063668577701001365
печати 0.0005288207297726071 4.605170185988092 0.0024353094584812756
на 0.002908514013749339 2.302585092994046 0.0066971010108235075
других 0.00026441036488630354 0 0.0
языках 0.00026441036488630354 0 0.0
википедия 0.0031729243786356425 2.207274913189721 0.007003516382410538
авар 0.00026441036488630354 0 0.0
ков 0.00026441036488630354 0 0.0
википеди 0.0005288207297726071 4.605170185988092 0.0024353094584812756
греческий 0.00026441036488630354 0 0.0
сан 0.00026441036488630354 0 0.0
текущие 0.005023796932839768 1.7147984280919266 0.008614799083486675
события 0.009518773135906928 1.0498221244986776 0.00999301863615875
википеди 0.0005288207297726071 4.605170185988092 0.0024353094584812756
ног 0.00026441036488630354 0 0.0
ву 0.00026441036488630354 0 0.0
править 0.002379693283976732 2.5257286443082556 0.006010459492008012
межъязыковые 0.00026441036488630354 0 0.0
ссылки 0.0010576414595452142 3.506557897319982 0.0037086810125013026
править 0.002379693283976732 2.5257286443082556 0.006010459492008012
ссылки 0.0010576414595452142 3.506557897319982 0.0037086810125013026
эта 0.0007932310946589106 3.912023005428146 0.0031031382909266097
страница 0.007667900581702803 1.2729656758128876 0.009760974246053343
последний 0.00026441036488630354 0 0.0
отредактирована 0.00026441036488630354 0 0.0
текст 0.0007932310946589106 3.912023005428146 0.0031031382909266097
доступен 0.00026441036488630354 0 0.0
лицензии 0.00026441036488630354 0 0.0
отдельных 0.00026441036488630354 0 0.0
случаях 0.00026441036488630354 0 0.0
могут 0.0005288207297726071 4.605170185988092 0.0024353094584812756
действовать 0.00026441036488630354 0 0.0
дополнительные 0.00026441036488630354 0 0.0
условия 0.0005288207297726071 4.605170185988092 0.0024353094584812756
подробнее 0.0005288207297726071 4.605170185988092 0.0024353094584812756
см 0.0007932310946589106 3.912023005428146 0.0031031382909266097
условия 0.0005288207297726071 4.605170185988092 0.0024353094584812756
использования 0.00026441036488630354 0 0.0
зарегистрированный 0.00026441036488630354 0 0.0
товарный 0.00026441036488630354 0 0.0
знак 0.00026441036488630354 0 0.0
некоммерческой 0.00026441036488630354 0 0.0
организации 0.00026441036488630354 0 0.0
политика 0.00026441036488630354 0 0.0
конфиденциальности 0.00026441036488630354 0 0.0
описание 0.00026441036488630354 0 0.0
википедии 0.0026441036488630354 2.407945608651872 0.0063668577701001365
отказ 0.00026441036488630354 0 0.0
ответственности 0.00026441036488630354 0 0.0
контакты 0.00026441036488630354 0 0.0
свяжитесь 0.00026441036488630354 0 0.0
нами 0.00026441036488630354 0 0.0
мобильная 0.00026441036488630354 0 0.0
версия 0.0026441036488630354 2.407945608651872 0.0063668577701001365
разработчики 0.00026441036488630354 0 0.0
статистика 0.00026441036488630354 0 0.0
заявление 0.00026441036488630354 0 0.0
куки 0.00026441036488630354 0 0.0
шаблон 0.002908514013749339 2.302585092994046 0.0066971010108235075
шаблон 0.002908514013749339 2.302585092994046 0.0066971010108235075
шаблон 0.002908514013749339 2.302585092994046 0.0066971010108235075
шаблон 0.002908514013749339 2.302585092994046 0.0066971010108235075
шаблон 0.002908514013749339 2.302585092994046 0.0066971010108235075
шаблон 0.002908514013749339 2.302585092994046 0.0066971010108235075
