портал 0.005023796932839768 4.770684624465665 0.023966950783936448
текущие 0.005023796932839768 4.770684624465665 0.023966950783936448
события 0.009518773135906928 4.90527477843843 0.04669219778524153
википедия 0.0031729243786356425 4.709530201312334 0.01494298318766473
январь 0.010047593865679535 4.919980925828125 0.04943397016961099
февраль 0.01110523532522475 4.948759890378168 0.054957143150682994
март 0.010047593865679535 4.919980925828125 0.04943397016961099
апрель 0.00978318350079323 4.912654885736052 0.0480614042232242
май 0.010312004230565839 4.927253685157205 0.050809860846412216
июнь 0.00978318350079323 4.912654885736052 0.0480614042232242
июль 0.00978318350079323 4.912654885736052 0.0480614042232242
август 0.00978318350079323 4.912654885736052 0.0480614042232242
сентябрь 0.00978318350079323 4.912654885736052 0.0480614042232242
октябрь 0.00978318350079323 4.912654885736052 0.0480614042232242
ноябрь 0.00978318350079323 4.912654885736052 0.0480614042232242
декабрь 0.00978318350079323 4.912654885736052 0.0480614042232242
портал 0.005023796932839768 4.770684624465665 0.023966950783936448
портал 0.005023796932839768 4.770684624465665 0.023966950783936448
текущие 0.005023796932839768 4.770684624465665 0.023966950783936448
события 0.009518773135906928 4.90527477843843 0.04669219778524153
порталы 0.0007932310946589106 4.624972813284271 0.0036686722474491835
википедия 0.0031729243786356425 4.709530201312334 0.01494298318766473
содержание 0.0010576414595452142 4.634728988229636 0.004901881531707706
википедии 0.0026441036488630354 4.6913478822291435 0.012404410053487951
портал 0.005023796932839768 4.770684624465665 0.023966950783936448
русский 0.0005288207297726071 4.61512051684126 0.0024405713997045267
портал 0.005023796932839768 4.770684624465665 0.023966950783936448
текущие 0.005023796932839768 4.770684624465665 0.023966950783936448
события 0.009518773135906928 4.90527477843843 0.04669219778524153
википедия 0.0031729243786356425 4.709530201312334 0.01494298318766473
википедия 0.0031729243786356425 4.709530201312334 0.01494298318766473
портал 0.005023796932839768 4.770684624465665 0.023966950783936448
текущие 0.005023796932839768 4.770684624465665 0.023966950783936448
события 0.009518773135906928 4.90527477843843 0.04669219778524153
материал 0.00026441036488630354 0 0.0
википедии 0.0026441036488630354 4.6913478822291435 0.012404410053487951
свободной 0.00026441036488630354 0 0.0
энциклопедии 0.00026441036488630354 0 0.0
страницы 0.003966155473294554 4.736198448394496 0.018784499398709003
требуют 0.00026441036488630354 0 0.0
версия 0.0026441036488630354 4.6913478822291435 0.012404410053487951
страницы 0.003966155473294554 4.736198448394496 0.018784499398709003
это 0.0010576414595452142 4.634728988229636 0.004901881531707706
википедия 0.0031729243786356425 4.709530201312334 0.01494298318766473
патрулирование 0.00026441036488630354 0 0.0
версия 0.0026441036488630354 4.6913478822291435 0.012404410053487951
февраля 0.03278688524590164 5.407171771460119 0.1772843203757416
перейти 0.0021152829190904283 4.672828834461906 0.009884355017370504
навигации 0.00026441036488630354 0 0.0
перейти 0.0021152829190904283 4.672828834461906 0.009884355017370504
поиску 0.00026441036488630354 0 0.0
время 0.0007932310946589106 4.624972813284271 0.0036686722474491835
время 0.0007932310946589106 4.624972813284271 0.0036686722474491835
февраля 0.03278688524590164 5.407171771460119 0.1772843203757416
февраля 0.03278688524590164 5.407171771460119 0.1772843203757416
год 0.006610259122157589 4.820281565605037 0.031863310190408764
портал 0.005023796932839768 4.770684624465665 0.023966950783936448
текущие 0.005023796932839768 4.770684624465665 0.023966950783936448
события 0.009518773135906928 4.90527477843843 0.04669219778524153
служебная 0.0013220518244315177 4.6443908991413725 0.006140125461582989
текущие 0.005023796932839768 4.770684624465665 0.023966950783936448
события 0.009518773135906928 4.90527477843843 0.04669219778524153
страницы 0.003966155473294554 4.736198448394496 0.018784499398709003
январь 0.010047593865679535 4.919980925828125 0.04943397016961099
март 0.010047593865679535 4.919980925828125 0.04943397016961099
февраль 0.01110523532522475 4.948759890378168 0.054957143150682994
февраль 0.01110523532522475 4.948759890378168 0.054957143150682994
вт 0.00026441036488630354 0 0.0
ср 0.00026441036488630354 0 0.0
чт 0.00026441036488630354 0 0.0
сб 0.00026441036488630354 0 0.0
вс 0.00026441036488630354 0 0.0
февраля 0.03278688524590164 5.407171771460119 0.1772843203757416
февраля 0.03278688524590164 5.407171771460119 0.1772843203757416
февраля 0.03278688524590164 5.407171771460119 0.1772843203757416
февраля 0.03278688524590164 5.407171771460119 0.1772843203757416
февраля 0.03278688524590164 5.407171771460119 0.1772843203757416
февраля 0.03278688524590164 5.407171771460119 0.1772843203757416
февраля 0.03278688524590164 5.407171771460119 0.1772843203757416
февраля 0.03278688524590164 5.407171771460119 0.1772843203757416
февраля 0.03278688524590164 5.407171771460119 0.1772843203757416
февраля 0.03278688524590164 5.407171771460119 0.1772843203757416
февраля 0.03278688524590164 5.407171771460119 0.1772843203757416
февраля 0.03278688524590164 5.407171771460119 0.1772843203757416
февраля 0.03278688524590164 5.407171771460119 0.1772843203757416
февраля 0.03278688524590164 5.407171771460119 0.1772843203757416
февраля 0.03278688524590164 5.407171771460119 0.1772843203757416
февраля 0.03278688524590164 5.407171771460119 0.1772843203757416
февраля 0.03278688524590164 5.407171771460119 0.1772843203757416
февраля 0.03278688524590164 5.407171771460119 0.1772843203757416
февраля 0.03278688524590164 5.407171771460119 0.1772843203757416
февраля 0.03278688524590164 5.407171771460119 0.1772843203757416
февраля 0.03278688524590164 5.407171771460119 0.1772843203757416
февраля 0.03278688524590164 5.407171771460119 0.1772843203757416
февраля 0.03278688524590164 5.407171771460119 0.1772843203757416
февраля 0.03278688524590164 5.407171771460119 0.1772843203757416
февраля 0.03278688524590164 5.407171771460119 0.1772843203757416
февраля 0.03278688524590164 5.407171771460119 0.1772843203757416
февраля 0.03278688524590164 5.407171771460119 0.1772843203757416
февраля 0.03278688524590164 5.407171771460119 0.1772843203757416
год 0.006610259122157589 4.820281565605037 0.031863310190408764
год 0.006610259122157589 4.820281565605037 0.031863310190408764
год 0.006610259122157589 4.820281565605037 0.031863310190408764
спорт 0.0021152829190904283 4.672828834461906 0.009884355017370504
год 0.006610259122157589 4.820281565605037 0.031863310190408764
год 0.006610259122157589 4.820281565605037 0.031863310190408764
кино 0.0005288207297726071 4.61512051684126 0.0024405713997045267
кино 0.0005288207297726071 4.61512051684126 0.0024405713997045267
викиновости 0.0021152829190904283 4.672828834461906 0.009884355017370504
события 0.009518773135906928 4.90527477843843 0.04669219778524153
события 0.009518773135906928 4.90527477843843 0.04669219778524153
суд 0.0010576414595452142 4.634728988229636 0.004901881531707706
викиновости 0.0021152829190904283 4.672828834461906 0.009884355017370504
статью 0.0005288207297726071 4.61512051684126 0.0024405713997045267
суд 0.0010576414595452142 4.634728988229636 0.004901881531707706
викиновости 0.0021152829190904283 4.672828834461906 0.009884355017370504
статью 0.0005288207297726071 4.61512051684126 0.0024405713997045267
представили 0.0005288207297726071 4.61512051684126 0.0024405713997045267
представили 0.0005288207297726071 4.61512051684126 0.0024405713997045267
события 0.009518773135906928 4.90527477843843 0.04669219778524153
события 0.009518773135906928 4.90527477843843 0.04669219778524153
события 0.009518773135906928 4.90527477843843 0.04669219778524153
события 0.009518773135906928 4.90527477843843 0.04669219778524153
май 0.010312004230565839 4.927253685157205 0.050809860846412216
май 0.010312004230565839 4.927253685157205 0.050809860846412216
события 0.009518773135906928 4.90527477843843 0.04669219778524153
события 0.009518773135906928 4.90527477843843 0.04669219778524153
шаблон 0.002908514013749339 4.700480365792417 0.013671413015260862
викиновости 0.0021152829190904283 4.672828834461906 0.009884355017370504
просмотр 0.002379693283976732 4.68213122712422 0.011142036235885241
просмотр 0.002379693283976732 4.68213122712422 0.011142036235885241
обсуждение 0.003966155473294554 4.736198448394496 0.018784499398709003
викиновости 0.0021152829190904283 4.672828834461906 0.009884355017370504
обсуждение 0.003966155473294554 4.736198448394496 0.018784499398709003
обсуждение 0.003966155473294554 4.736198448394496 0.018784499398709003
служебная 0.0013220518244315177 4.6443908991413725 0.006140125461582989
викиновости 0.0021152829190904283 4.672828834461906 0.009884355017370504
править 0.002379693283976732 4.68213122712422 0.011142036235885241
шаблон 0.002908514013749339 4.700480365792417 0.013671413015260862
править 0.002379693283976732 4.68213122712422 0.011142036235885241
февраль 0.01110523532522475 4.948759890378168 0.054957143150682994
список 0.002908514013749339 4.700480365792417 0.013671413015260862
недавно 0.0018508725542041248 4.663439094112067 0.008631431427494571
страница 0.007667900581702803 4.852030263919617 0.037204885683148836
версия 0.0026441036488630354 4.6913478822291435 0.012404410053487951
статьи 0.002379693283976732 4.68213122712422 0.011142036235885241
страница 0.007667900581702803 4.852030263919617 0.037204885683148836
версия 0.0026441036488630354 4.6913478822291435 0.012404410053487951
статьи 0.002379693283976732 4.68213122712422 0.011142036235885241
страница 0.007667900581702803 4.852030263919617 0.037204885683148836
версия 0.0026441036488630354 4.6913478822291435 0.012404410053487951
статьи 0.002379693283976732 4.68213122712422 0.011142036235885241
страница 0.007667900581702803 4.852030263919617 0.037204885683148836
версия 0.0026441036488630354 4.6913478822291435 0.012404410053487951
статьи 0.002379693283976732 4.68213122712422 0.011142036235885241
страница 0.007667900581702803 4.852030263919617 0.037204885683148836
версия 0.0026441036488630354 4.6913478822291435 0.012404410053487951
статьи 0.002379693283976732 4.68213122712422 0.011142036235885241
шаблон 0.002908514013749339 4.700480365792417 0.013671413015260862
список 0.002908514013749339 4.700480365792417 0.013671413015260862
недавно 0.0018508725542041248 4.663439094112067 0.008631431427494571
просмотр 0.002379693283976732 4.68213122712422 0.011142036235885241
просмотр 0.002379693283976732 4.68213122712422 0.011142036235885241
обсуждение 0.003966155473294554 4.736198448394496 0.018784499398709003
список 0.002908514013749339 4.700480365792417 0.013671413015260862
недавно 0.0018508725542041248 4.663439094112067 0.008631431427494571
обсуждение 0.003966155473294554 4.736198448394496 0.018784499398709003
обсуждение 0.003966155473294554 4.736198448394496 0.018784499398709003
служебная 0.0013220518244315177 4.6443908991413725 0.006140125461582989
список 0.002908514013749339 4.700480365792417 0.013671413015260862
недавно 0.0018508725542041248 4.663439094112067 0.008631431427494571
править 0.002379693283976732 4.68213122712422 0.011142036235885241
шаблон 0.002908514013749339 4.700480365792417 0.013671413015260862
править 0.002379693283976732 4.68213122712422 0.011142036235885241
другие 0.00026441036488630354 0 0.0
ссылки 0.0010576414595452142 4.634728988229636 0.004901881531707706
категория 0.0013220518244315177 4.6443908991413725 0.006140125461582989
текущие 0.005023796932839768 4.770684624465665 0.023966950783936448
события 0.009518773135906928 4.90527477843843 0.04669219778524153
категория 0.0013220518244315177 4.6443908991413725 0.006140125461582989
текущие 0.005023796932839768 4.770684624465665 0.023966950783936448
события 0.009518773135906928 4.90527477843843 0.04669219778524153
категория 0.0013220518244315177 4.6443908991413725 0.006140125461582989
февраль 0.01110523532522475 4.948759890378168 0.054957143150682994
события 0.009518773135906928 4.90527477843843 0.04669219778524153
год 0.006610259122157589 4.820281565605037 0.031863310190408764
события 0.009518773135906928 4.90527477843843 0.04669219778524153
проект 0.0015864621893178213 4.653960350157523 0.007383332126109238
текущие 0.005023796932839768 4.770684624465665 0.023966950783936448
события 0.009518773135906928 4.90527477843843 0.04669219778524153
проект 0.0015864621893178213 4.653960350157523 0.007383332126109238
текущие 0.005023796932839768 4.770684624465665 0.023966950783936448
события 0.009518773135906928 4.90527477843843 0.04669219778524153
проект 0.0015864621893178213 4.653960350157523 0.007383332126109238
перевод 0.0005288207297726071 4.61512051684126 0.0024405713997045267
запросы 0.0005288207297726071 4.61512051684126 0.0024405713997045267
перевод 0.0005288207297726071 4.61512051684126 0.0024405713997045267
статей 0.0007932310946589106 4.624972813284271 0.0036686722474491835
википедия 0.0031729243786356425 4.709530201312334 0.01494298318766473
к 0.00026441036488630354 0 0.0
запросы 0.0005288207297726071 4.61512051684126 0.0024405713997045267
создание 0.00026441036488630354 0 0.0
статей 0.0007932310946589106 4.624972813284271 0.0036686722474491835
проект 0.0015864621893178213 4.653960350157523 0.007383332126109238
википедия 0.0031729243786356425 4.709530201312334 0.01494298318766473
история 0.0007932310946589106 4.624972813284271 0.0036686722474491835
раздела 0.00026441036488630354 0 0.0
текущие 0.005023796932839768 4.770684624465665 0.023966950783936448
события 0.009518773135906928 4.90527477843843 0.04669219778524153
русской 0.00026441036488630354 0 0.0
википедии 0.0026441036488630354 4.6913478822291435 0.012404410053487951
википедия 0.0031729243786356425 4.709530201312334 0.01494298318766473
викимедиа 0.00026441036488630354 0 0.0
события 0.009518773135906928 4.90527477843843 0.04669219778524153
шаблон 0.002908514013749339 4.700480365792417 0.013671413015260862
текущие 0.005023796932839768 4.770684624465665 0.023966950783936448
события 0.009518773135906928 4.90527477843843 0.04669219778524153
странице 0.0013220518244315177 4.6443908991413725 0.006140125461582989
просмотр 0.002379693283976732 4.68213122712422 0.011142036235885241
страницы 0.003966155473294554 4.736198448394496 0.018784499398709003
просмотр 0.002379693283976732 4.68213122712422 0.011142036235885241
обсуждение 0.003966155473294554 4.736198448394496 0.018784499398709003
текущие 0.005023796932839768 4.770684624465665 0.023966950783936448
события 0.009518773135906928 4.90527477843843 0.04669219778524153
странице 0.0013220518244315177 4.6443908991413725 0.006140125461582989
обсуждение 0.003966155473294554 4.736198448394496 0.018784499398709003
обсуждение 0.003966155473294554 4.736198448394496 0.018784499398709003
правка 0.0007932310946589106 4.624972813284271 0.0036686722474491835
править 0.002379693283976732 4.68213122712422 0.011142036235885241
википедия 0.0031729243786356425 4.709530201312334 0.01494298318766473
текущие 0.005023796932839768 4.770684624465665 0.023966950783936448
события 0.009518773135906928 4.90527477843843 0.04669219778524153
добавить 0.0007932310946589106 4.624972813284271 0.0036686722474491835
темы 0.00026441036488630354 0 0.0
мира 0.009518773135906928 4.90527477843843 0.04669219778524153
мира 0.009518773135906928 4.90527477843843 0.04669219778524153
виды 0.00026441036488630354 0 0.0
мира 0.009518773135906928 4.90527477843843 0.04669219778524153
список 0.002908514013749339 4.700480365792417 0.013671413015260862
недавно 0.0018508725542041248 4.663439094112067 0.008631431427494571
по 0.00026441036488630354 0 0.0
на 0.002908514013749339 4.700480365792417 0.013671413015260862
на 0.002908514013749339 4.700480365792417 0.013671413015260862
в 0.00978318350079323 4.912654885736052 0.0480614042232242
мире 0.0005288207297726071 4.61512051684126 0.0024405713997045267
на 0.002908514013749339 4.700480365792417 0.013671413015260862
на 0.002908514013749339 4.700480365792417 0.013671413015260862
на 0.002908514013749339 4.700480365792417 0.013671413015260862
тар 0.0005288207297726071 4.61512051684126 0.0024405713997045267
тар 0.0005288207297726071 4.61512051684126 0.0024405713997045267
илл 0.00026441036488630354 0 0.0
мира 0.009518773135906928 4.90527477843843 0.04669219778524153
мира 0.009518773135906928 4.90527477843843 0.04669219778524153
в 0.00978318350079323 4.912654885736052 0.0480614042232242
заглавная 0.0005288207297726071 4.61512051684126 0.0024405713997045267
страница 0.007667900581702803 4.852030263919617 0.037204885683148836
викиновости 0.0021152829190904283 4.672828834461906 0.009884355017370504
февраль 0.01110523532522475 4.948759890378168 0.054957143150682994
список 0.002908514013749339 4.700480365792417 0.013671413015260862
недавно 0.0018508725542041248 4.663439094112067 0.008631431427494571
проект 0.0015864621893178213 4.653960350157523 0.007383332126109238
текущие 0.005023796932839768 4.770684624465665 0.023966950783936448
события 0.009518773135906928 4.90527477843843 0.04669219778524153
проект 0.0015864621893178213 4.653960350157523 0.007383332126109238
в 0.00978318350079323 4.912654885736052 0.0480614042232242
новости 0.0015864621893178213 4.653960350157523 0.007383332126109238
викиновости 0.0021152829190904283 4.672828834461906 0.009884355017370504
добавить 0.0007932310946589106 4.624972813284271 0.0036686722474491835
нам 0.00026441036488630354 0 0.0
последние 0.0005288207297726071 4.61512051684126 0.0024405713997045267
события 0.009518773135906928 4.90527477843843 0.04669219778524153
портал 0.005023796932839768 4.770684624465665 0.023966950783936448
текущие 0.005023796932839768 4.770684624465665 0.023966950783936448
события 0.009518773135906928 4.90527477843843 0.04669219778524153
просмотр 0.002379693283976732 4.68213122712422 0.011142036235885241
страницы 0.003966155473294554 4.736198448394496 0.018784499398709003
просмотр 0.002379693283976732 4.68213122712422 0.011142036235885241
обсуждение 0.003966155473294554 4.736198448394496 0.018784499398709003
текущие 0.005023796932839768 4.770684624465665 0.023966950783936448
события 0.009518773135906928 4.90527477843843 0.04669219778524153
обсуждение 0.003966155473294554 4.736198448394496 0.018784499398709003
страницы 0.003966155473294554 4.736198448394496 0.018784499398709003
обсуждение 0.003966155473294554 4.736198448394496 0.018784499398709003
правка 0.0007932310946589106 4.624972813284271 0.0036686722474491835
страницы 0.003966155473294554 4.736198448394496 0.018784499398709003
история 0.0007932310946589106 4.624972813284271 0.0036686722474491835
правка 0.0007932310946589106 4.624972813284271 0.0036686722474491835
страницы 0.003966155473294554 4.736198448394496 0.018784499398709003
править 0.002379693283976732 4.68213122712422 0.011142036235885241
добавить 0.0007932310946589106 4.624972813284271 0.0036686722474491835
запись 0.0007932310946589106 4.624972813284271 0.0036686722474491835
новости 0.0015864621893178213 4.653960350157523 0.007383332126109238
события 0.009518773135906928 4.90527477843843 0.04669219778524153
см 0.0007932310946589106 4.624972813284271 0.0036686722474491835
также 0.0007932310946589106 4.624972813284271 0.0036686722474491835
см 0.0007932310946589106 4.624972813284271 0.0036686722474491835
также 0.0007932310946589106 4.624972813284271 0.0036686722474491835
февраля 0.03278688524590164 5.407171771460119 0.1772843203757416
февраля 0.03278688524590164 5.407171771460119 0.1772843203757416
февраля 0.03278688524590164 5.407171771460119 0.1772843203757416
лучшим 0.00026441036488630354 0 0.0
футбол 0.00026441036488630354 0 0.0
иран 0.0005288207297726071 4.61512051684126 0.0024405713997045267
февраля 0.03278688524590164 5.407171771460119 0.1772843203757416
февраля 0.03278688524590164 5.407171771460119 0.1772843203757416
на 0.002908514013749339 4.700480365792417 0.013671413015260862
которые 0.0005288207297726071 4.61512051684126 0.0024405713997045267
мест 0.00026441036488630354 0 0.0
решении 0.00026441036488630354 0 0.0
марта 0.00026441036488630354 0 0.0
в 0.00978318350079323 4.912654885736052 0.0480614042232242
объявлен 0.0005288207297726071 4.61512051684126 0.0024405713997045267
февраля 0.03278688524590164 5.407171771460119 0.1772843203757416
февраля 0.03278688524590164 5.407171771460119 0.1772843203757416
спорт 0.0021152829190904283 4.672828834461906 0.009884355017370504
февраля 0.03278688524590164 5.407171771460119 0.1772843203757416
февраля 0.03278688524590164 5.407171771460119 0.1772843203757416
спорт 0.0021152829190904283 4.672828834461906 0.009884355017370504
мира 0.009518773135906928 4.90527477843843 0.04669219778524153
мира 0.009518773135906928 4.90527477843843 0.04669219778524153
мира 0.009518773135906928 4.90527477843843 0.04669219778524153
мира 0.009518773135906928 4.90527477843843 0.04669219778524153
мира 0.009518773135906928 4.90527477843843 0.04669219778524153
февраля 0.03278688524590164 5.407171771460119 0.1772843203757416
февраля 0.03278688524590164 5.407171771460119 0.1772843203757416
в 0.00978318350079323 4.912654885736052 0.0480614042232242
в 0.00978318350079323 4.912654885736052 0.0480614042232242
с 0.00026441036488630354 0 0.0
в 0.00978318350079323 4.912654885736052 0.0480614042232242
китай 0.0005288207297726071 4.61512051684126 0.0024405713997045267
суд 0.0010576414595452142 4.634728988229636 0.004901881531707706
работу 0.00026441036488630354 0 0.0
спорт 0.0021152829190904283 4.672828834461906 0.009884355017370504
в 0.00978318350079323 4.912654885736052 0.0480614042232242
истории 0.0013220518244315177 4.6443908991413725 0.006140125461582989
мира 0.009518773135906928 4.90527477843843 0.04669219778524153
мира 0.009518773135906928 4.90527477843843 0.04669219778524153
мира 0.009518773135906928 4.90527477843843 0.04669219778524153
участники 0.0005288207297726071 4.61512051684126 0.0024405713997045267
февраля 0.03278688524590164 5.407171771460119 0.1772843203757416
февраля 0.03278688524590164 5.407171771460119 0.1772843203757416
время 0.0007932310946589106 4.624972813284271 0.0036686722474491835
пример 0.00026441036488630354 0 0.0
в 0.00978318350079323 4.912654885736052 0.0480614042232242
иран 0.0005288207297726071 4.61512051684126 0.0024405713997045267
министр 0.0005288207297726071 4.61512051684126 0.0024405713997045267
на 0.002908514013749339 4.700480365792417 0.013671413015260862
в 0.00978318350079323 4.912654885736052 0.0480614042232242
в 0.00978318350079323 4.912654885736052 0.0480614042232242
оман 0.0007932310946589106 4.624972813284271 0.0036686722474491835
оман 0.0007932310946589106 4.624972813284271 0.0036686722474491835
министр 0.0005288207297726071 4.61512051684126 0.0024405713997045267
дел 0.0005288207297726071 4.61512051684126 0.0024405713997045267
политик 0.00026441036488630354 0 0.0
решение 0.00026441036488630354 0 0.0
спорт 0.0021152829190904283 4.672828834461906 0.009884355017370504
клуб 0.0013220518244315177 4.6443908991413725 0.006140125461582989
ди 0.0007932310946589106 4.624972813284271 0.0036686722474491835
ди 0.0007932310946589106 4.624972813284271 0.0036686722474491835
клуб 0.0013220518244315177 4.6443908991413725 0.006140125461582989
друг 0.00026441036488630354 0 0.0
в 0.00978318350079323 4.912654885736052 0.0480614042232242
в 0.00978318350079323 4.912654885736052 0.0480614042232242
в 0.00978318350079323 4.912654885736052 0.0480614042232242
рот 0.0005288207297726071 4.61512051684126 0.0024405713997045267
страница 0.007667900581702803 4.852030263919617 0.037204885683148836
рот 0.0005288207297726071 4.61512051684126 0.0024405713997045267
истории 0.0013220518244315177 4.6443908991413725 0.006140125461582989
мира 0.009518773135906928 4.90527477843843 0.04669219778524153
мира 0.009518773135906928 4.90527477843843 0.04669219778524153
мира 0.009518773135906928 4.90527477843843 0.04669219778524153
мира 0.009518773135906928 4.90527477843843 0.04669219778524153
февраля 0.03278688524590164 5.407171771460119 0.1772843203757416
февраля 0.03278688524590164 5.407171771460119 0.1772843203757416
в 0.00978318350079323 4.912654885736052 0.0480614042232242
в 0.00978318350079323 4.912654885736052 0.0480614042232242
февраля 0.03278688524590164 5.407171771460119 0.1772843203757416
данным 0.00026441036488630354 0 0.0
дел 0.0005288207297726071 4.61512051684126 0.0024405713997045267
участников 0.0005288207297726071 4.61512051684126 0.0024405713997045267
в 0.00978318350079323 4.912654885736052 0.0480614042232242
китай 0.0005288207297726071 4.61512051684126 0.0024405713997045267
февраля 0.03278688524590164 5.407171771460119 0.1772843203757416
февраля 0.03278688524590164 5.407171771460119 0.1772843203757416
городские 0.00026441036488630354 0 0.0
части 0.0005288207297726071 4.61512051684126 0.0024405713997045267
могут 0.0005288207297726071 4.61512051684126 0.0024405713997045267
служб 0.00026441036488630354 0 0.0
в 0.00978318350079323 4.912654885736052 0.0480614042232242
в 0.00978318350079323 4.912654885736052 0.0480614042232242
новых 0.00026441036488630354 0 0.0
указа 0.00026441036488630354 0 0.0
у 0.0005288207297726071 4.61512051684126 0.0024405713997045267
на 0.002908514013749339 4.700480365792417 0.013671413015260862
спорт 0.0021152829190904283 4.672828834461906 0.009884355017370504
в 0.00978318350079323 4.912654885736052 0.0480614042232242
в 0.00978318350079323 4.912654885736052 0.0480614042232242
мира 0.009518773135906928 4.90527477843843 0.04669219778524153
мира 0.009518773135906928 4.90527477843843 0.04669219778524153
февраля 0.03278688524590164 5.407171771460119 0.1772843203757416
февраля 0.03278688524590164 5.407171771460119 0.1772843203757416
в 0.00978318350079323 4.912654885736052 0.0480614042232242
работ 0.00026441036488630354 0 0.0
правил 0.00026441036488630354 0 0.0
февраля 0.03278688524590164 5.407171771460119 0.1772843203757416
февраля 0.03278688524590164 5.407171771460119 0.1772843203757416
в 0.00978318350079323 4.912654885736052 0.0480614042232242
в 0.00978318350079323 4.912654885736052 0.0480614042232242
спорт 0.0021152829190904283 4.672828834461906 0.009884355017370504
в 0.00978318350079323 4.912654885736052 0.0480614042232242
в 0.00978318350079323 4.912654885736052 0.0480614042232242
мира 0.009518773135906928 4.90527477843843 0.04669219778524153
мира 0.009518773135906928 4.90527477843843 0.04669219778524153
во 0.00026441036488630354 0 0.0
мира 0.009518773135906928 4.90527477843843 0.04669219778524153
мира 0.009518773135906928 4.90527477843843 0.04669219778524153
мира 0.009518773135906928 4.90527477843843 0.04669219778524153
одной 0.00026441036488630354 0 0.0
мира 0.009518773135906928 4.90527477843843 0.04669219778524153
в 0.00978318350079323 4.912654885736052 0.0480614042232242
мира 0.009518773135906928 4.90527477843843 0.04669219778524153
мира 0.009518773135906928 4.90527477843843 0.04669219778524153
в 0.00978318350079323 4.912654885736052 0.0480614042232242
клуб 0.0013220518244315177 4.6443908991413725 0.006140125461582989
числе 0.00026441036488630354 0 0.0
ещё 0.0005288207297726071 4.61512051684126 0.0024405713997045267
в 0.00978318350079323 4.912654885736052 0.0480614042232242
район 0.00026441036488630354 0 0.0
части 0.0005288207297726071 4.61512051684126 0.0024405713997045267
февраля 0.03278688524590164 5.407171771460119 0.1772843203757416
февраля 0.03278688524590164 5.407171771460119 0.1772843203757416
спорт 0.0021152829190904283 4.672828834461906 0.009884355017370504
финский 0.0005288207297726071 4.61512051684126 0.0024405713997045267
клуб 0.0013220518244315177 4.6443908991413725 0.006140125461582989
шведский 0.0005288207297726071 4.61512051684126 0.0024405713997045267
клуб 0.0013220518244315177 4.6443908991413725 0.006140125461582989
в 0.00978318350079323 4.912654885736052 0.0480614042232242
город 0.00026441036488630354 0 0.0
мира 0.009518773135906928 4.90527477843843 0.04669219778524153
мира 0.009518773135906928 4.90527477843843 0.04669219778524153
все 0.00026441036488630354 0 0.0
в 0.00978318350079323 4.912654885736052 0.0480614042232242
объявлен 0.0005288207297726071 4.61512051684126 0.0024405713997045267
февраля 0.03278688524590164 5.407171771460119 0.1772843203757416
февраля 0.03278688524590164 5.407171771460119 0.1772843203757416
мира 0.009518773135906928 4.90527477843843 0.04669219778524153
февраля 0.03278688524590164 5.407171771460119 0.1772843203757416
февраля 0.03278688524590164 5.407171771460119 0.1772843203757416
мира 0.009518773135906928 4.90527477843843 0.04669219778524153
февраля 0.03278688524590164 5.407171771460119 0.1772843203757416
февраля 0.03278688524590164 5.407171771460119 0.1772843203757416
как 0.0005288207297726071 4.61512051684126 0.0024405713997045267
суд 0.0010576414595452142 4.634728988229636 0.004901881531707706
это 0.0010576414595452142 4.634728988229636 0.004901881531707706
истории 0.0013220518244315177 4.6443908991413725 0.006140125461582989
февраля 0.03278688524590164 5.407171771460119 0.1772843203757416
февраля 0.03278688524590164 5.407171771460119 0.1772843203757416
норв 0.00026441036488630354 0 0.0
февраля 0.03278688524590164 5.407171771460119 0.1772843203757416
февраля 0.03278688524590164 5.407171771460119 0.1772843203757416
мира 0.009518773135906928 4.90527477843843 0.04669219778524153
мира 0.009518773135906928 4.90527477843843 0.04669219778524153
февраля 0.03278688524590164 5.407171771460119 0.1772843203757416
февраля 0.03278688524590164 5.407171771460119 0.1772843203757416
февраля 0.03278688524590164 5.407171771460119 0.1772843203757416
февраля 0.03278688524590164 5.407171771460119 0.1772843203757416
участники 0.0005288207297726071 4.61512051684126 0.0024405713997045267
февраля 0.03278688524590164 5.407171771460119 0.1772843203757416
февраля 0.03278688524590164 5.407171771460119 0.1772843203757416
в 0.00978318350079323 4.912654885736052 0.0480614042232242
на 0.002908514013749339 4.700480365792417 0.013671413015260862
в 0.00978318350079323 4.912654885736052 0.0480614042232242
февраля 0.03278688524590164 5.407171771460119 0.1772843203757416
февраля 0.03278688524590164 5.407171771460119 0.1772843203757416
оман 0.0007932310946589106 4.624972813284271 0.0036686722474491835
февраля 0.03278688524590164 5.407171771460119 0.1772843203757416
февраля 0.03278688524590164 5.407171771460119 0.1772843203757416
ди 0.0007932310946589106 4.624972813284271 0.0036686722474491835
февраля 0.03278688524590164 5.407171771460119 0.1772843203757416
февраля 0.03278688524590164 5.407171771460119 0.1772843203757416
февраля 0.03278688524590164 5.407171771460119 0.1772843203757416
февраля 0.03278688524590164 5.407171771460119 0.1772843203757416
февраля 0.03278688524590164 5.407171771460119 0.1772843203757416
февраля 0.03278688524590164 5.407171771460119 0.1772843203757416
февраля 0.03278688524590164 5.407171771460119 0.1772843203757416
февраля 0.03278688524590164 5.407171771460119 0.1772843203757416
англ 0.00026441036488630354 0 0.0
февраля 0.03278688524590164 5.407171771460119 0.1772843203757416
февраля 0.03278688524590164 5.407171771460119 0.1772843203757416
у 0.0005288207297726071 4.61512051684126 0.0024405713997045267
февраля 0.03278688524590164 5.407171771460119 0.1772843203757416
февраля 0.03278688524590164 5.407171771460119 0.1772843203757416
февраля 0.03278688524590164 5.407171771460119 0.1772843203757416
февраля 0.03278688524590164 5.407171771460119 0.1772843203757416
февраля 0.03278688524590164 5.407171771460119 0.1772843203757416
февраля 0.03278688524590164 5.407171771460119 0.1772843203757416
мира 0.009518773135906928 4.90527477843843 0.04669219778524153
риа 0.0010576414595452142 4.634728988229636 0.004901881531707706
новости 0.0015864621893178213 4.653960350157523 0.007383332126109238
февраля 0.03278688524590164 5.407171771460119 0.1772843203757416
февраля 0.03278688524590164 5.407171771460119 0.1772843203757416
в 0.00978318350079323 4.912654885736052 0.0480614042232242
февраля 0.03278688524590164 5.407171771460119 0.1772843203757416
февраля 0.03278688524590164 5.407171771460119 0.1772843203757416
при 0.00026441036488630354 0 0.0
что 0.00026441036488630354 0 0.0
указ 0.00026441036488630354 0 0.0
риа 0.0010576414595452142 4.634728988229636 0.004901881531707706
новости 0.0015864621893178213 4.653960350157523 0.007383332126109238
февраля 0.03278688524590164 5.407171771460119 0.1772843203757416
февраля 0.03278688524590164 5.407171771460119 0.1772843203757416
участие 0.0005288207297726071 4.61512051684126 0.0024405713997045267
февраля 0.03278688524590164 5.407171771460119 0.1772843203757416
февраля 0.03278688524590164 5.407171771460119 0.1772843203757416
на 0.002908514013749339 4.700480365792417 0.013671413015260862
февраля 0.03278688524590164 5.407171771460119 0.1772843203757416
февраля 0.03278688524590164 5.407171771460119 0.1772843203757416
риа 0.0010576414595452142 4.634728988229636 0.004901881531707706
новости 0.0015864621893178213 4.653960350157523 0.007383332126109238
февраля 0.03278688524590164 5.407171771460119 0.1772843203757416
февраля 0.03278688524590164 5.407171771460119 0.1772843203757416
вас 0.00026441036488630354 0 0.0
мир 0.00026441036488630354 0 0.0
февраля 0.03278688524590164 5.407171771460119 0.1772843203757416
февраля 0.03278688524590164 5.407171771460119 0.1772843203757416
в 0.00978318350079323 4.912654885736052 0.0480614042232242
в 0.00978318350079323 4.912654885736052 0.0480614042232242
февраля 0.03278688524590164 5.407171771460119 0.1772843203757416
февраля 0.03278688524590164 5.407171771460119 0.1772843203757416
риа 0.0010576414595452142 4.634728988229636 0.004901881531707706
новости 0.0015864621893178213 4.653960350157523 0.007383332126109238
февраля 0.03278688524590164 5.407171771460119 0.1772843203757416
февраля 0.03278688524590164 5.407171771460119 0.1772843203757416
февраля 0.03278688524590164 5.407171771460119 0.1772843203757416
февраля 0.03278688524590164 5.407171771460119 0.1772843203757416
бе 0.00026441036488630354 0 0.0
мира 0.009518773135906928 4.90527477843843 0.04669219778524153
февраля 0.03278688524590164 5.407171771460119 0.1772843203757416
февраля 0.03278688524590164 5.407171771460119 0.1772843203757416
истории 0.0013220518244315177 4.6443908991413725 0.006140125461582989
февраля 0.03278688524590164 5.407171771460119 0.1772843203757416
февраля 0.03278688524590164 5.407171771460119 0.1772843203757416
мира 0.009518773135906928 4.90527477843843 0.04669219778524153
февраля 0.03278688524590164 5.407171771460119 0.1772843203757416
февраля 0.03278688524590164 5.407171771460119 0.1772843203757416
в 0.00978318350079323 4.912654885736052 0.0480614042232242
февраля 0.03278688524590164 5.407171771460119 0.1772843203757416
февраля 0.03278688524590164 5.407171771460119 0.1772843203757416
истории 0.0013220518244315177 4.6443908991413725 0.006140125461582989
февраля 0.03278688524590164 5.407171771460119 0.1772843203757416
февраля 0.03278688524590164 5.407171771460119 0.1772843203757416
февраля 0.03278688524590164 5.407171771460119 0.1772843203757416
февраля 0.03278688524590164 5.407171771460119 0.1772843203757416
события 0.009518773135906928 4.90527477843843 0.04669219778524153
перейти 0.0021152829190904283 4.672828834461906 0.009884355017370504
события 0.009518773135906928 4.90527477843843 0.04669219778524153
перейти 0.0021152829190904283 4.672828834461906 0.009884355017370504
события 0.009518773135906928 4.90527477843843 0.04669219778524153
события 0.009518773135906928 4.90527477843843 0.04669219778524153
год 0.006610259122157589 4.820281565605037 0.031863310190408764
январь 0.010047593865679535 4.919980925828125 0.04943397016961099
страница 0.007667900581702803 4.852030263919617 0.037204885683148836
январь 0.010047593865679535 4.919980925828125 0.04943397016961099
февраль 0.01110523532522475 4.948759890378168 0.054957143150682994
февраль 0.01110523532522475 4.948759890378168 0.054957143150682994
март 0.010047593865679535 4.919980925828125 0.04943397016961099
март 0.010047593865679535 4.919980925828125 0.04943397016961099
апрель 0.00978318350079323 4.912654885736052 0.0480614042232242
апрель 0.00978318350079323 4.912654885736052 0.0480614042232242
май 0.010312004230565839 4.927253685157205 0.050809860846412216
страница 0.007667900581702803 4.852030263919617 0.037204885683148836
май 0.010312004230565839 4.927253685157205 0.050809860846412216
июнь 0.00978318350079323 4.912654885736052 0.0480614042232242
страница 0.007667900581702803 4.852030263919617 0.037204885683148836
июнь 0.00978318350079323 4.912654885736052 0.0480614042232242
июль 0.00978318350079323 4.912654885736052 0.0480614042232242
страница 0.007667900581702803 4.852030263919617 0.037204885683148836
июль 0.00978318350079323 4.912654885736052 0.0480614042232242
август 0.00978318350079323 4.912654885736052 0.0480614042232242
страница 0.007667900581702803 4.852030263919617 0.037204885683148836
август 0.00978318350079323 4.912654885736052 0.0480614042232242
сентябрь 0.00978318350079323 4.912654885736052 0.0480614042232242
страница 0.007667900581702803 4.852030263919617 0.037204885683148836
сентябрь 0.00978318350079323 4.912654885736052 0.0480614042232242
октябрь 0.00978318350079323 4.912654885736052 0.0480614042232242
октябрь 0.00978318350079323 4.912654885736052 0.0480614042232242
ноябрь 0.00978318350079323 4.912654885736052 0.0480614042232242
ноябрь 0.00978318350079323 4.912654885736052 0.0480614042232242
декабрь 0.00978318350079323 4.912654885736052 0.0480614042232242
декабрь 0.00978318350079323 4.912654885736052 0.0480614042232242
год 0.006610259122157589 4.820281565605037 0.031863310190408764
январь 0.010047593865679535 4.919980925828125 0.04943397016961099
январь 0.010047593865679535 4.919980925828125 0.04943397016961099
февраль 0.01110523532522475 4.948759890378168 0.054957143150682994
февраль 0.01110523532522475 4.948759890378168 0.054957143150682994
март 0.010047593865679535 4.919980925828125 0.04943397016961099
март 0.010047593865679535 4.919980925828125 0.04943397016961099
апрель 0.00978318350079323 4.912654885736052 0.0480614042232242
апрель 0.00978318350079323 4.912654885736052 0.0480614042232242
май 0.010312004230565839 4.927253685157205 0.050809860846412216
май 0.010312004230565839 4.927253685157205 0.050809860846412216
июнь 0.00978318350079323 4.912654885736052 0.0480614042232242
июнь 0.00978318350079323 4.912654885736052 0.0480614042232242
июль 0.00978318350079323 4.912654885736052 0.0480614042232242
июль 0.00978318350079323 4.912654885736052 0.0480614042232242
август 0.00978318350079323 4.912654885736052 0.0480614042232242
август 0.00978318350079323 4.912654885736052 0.0480614042232242
сентябрь 0.00978318350079323 4.912654885736052 0.0480614042232242
сентябрь 0.00978318350079323 4.912654885736052 0.0480614042232242
октябрь 0.00978318350079323 4.912654885736052 0.0480614042232242
октябрь 0.00978318350079323 4.912654885736052 0.0480614042232242
ноябрь 0.00978318350079323 4.912654885736052 0.0480614042232242
ноябрь 0.00978318350079323 4.912654885736052 0.0480614042232242
декабрь 0.00978318350079323 4.912654885736052 0.0480614042232242
декабрь 0.00978318350079323 4.912654885736052 0.0480614042232242
год 0.006610259122157589 4.820281565605037 0.031863310190408764
январь 0.010047593865679535 4.919980925828125 0.04943397016961099
январь 0.010047593865679535 4.919980925828125 0.04943397016961099
февраль 0.01110523532522475 4.948759890378168 0.054957143150682994
февраль 0.01110523532522475 4.948759890378168 0.054957143150682994
март 0.010047593865679535 4.919980925828125 0.04943397016961099
март 0.010047593865679535 4.919980925828125 0.04943397016961099
апрель 0.00978318350079323 4.912654885736052 0.0480614042232242
апрель 0.00978318350079323 4.912654885736052 0.0480614042232242
май 0.010312004230565839 4.927253685157205 0.050809860846412216
май 0.010312004230565839 4.927253685157205 0.050809860846412216
июнь 0.00978318350079323 4.912654885736052 0.0480614042232242
июнь 0.00978318350079323 4.912654885736052 0.0480614042232242
июль 0.00978318350079323 4.912654885736052 0.0480614042232242
июль 0.00978318350079323 4.912654885736052 0.0480614042232242
август 0.00978318350079323 4.912654885736052 0.0480614042232242
август 0.00978318350079323 4.912654885736052 0.0480614042232242
сентябрь 0.00978318350079323 4.912654885736052 0.0480614042232242
сентябрь 0.00978318350079323 4.912654885736052 0.0480614042232242
октябрь 0.00978318350079323 4.912654885736052 0.0480614042232242
октябрь 0.00978318350079323 4.912654885736052 0.0480614042232242
ноябрь 0.00978318350079323 4.912654885736052 0.0480614042232242
ноябрь 0.00978318350079323 4.912654885736052 0.0480614042232242
декабрь 0.00978318350079323 4.912654885736052 0.0480614042232242
декабрь 0.00978318350079323 4.912654885736052 0.0480614042232242
год 0.006610259122157589 4.820281565605037 0.031863310190408764
январь 0.010047593865679535 4.919980925828125 0.04943397016961099
январь 0.010047593865679535 4.919980925828125 0.04943397016961099
февраль 0.01110523532522475 4.948759890378168 0.054957143150682994
февраль 0.01110523532522475 4.948759890378168 0.054957143150682994
март 0.010047593865679535 4.919980925828125 0.04943397016961099
март 0.010047593865679535 4.919980925828125 0.04943397016961099
апрель 0.00978318350079323 4.912654885736052 0.0480614042232242
апрель 0.00978318350079323 4.912654885736052 0.0480614042232242
май 0.010312004230565839 4.927253685157205 0.050809860846412216
май 0.010312004230565839 4.927253685157205 0.050809860846412216
июнь 0.00978318350079323 4.912654885736052 0.0480614042232242
июнь 0.00978318350079323 4.912654885736052 0.0480614042232242
июль 0.00978318350079323 4.912654885736052 0.0480614042232242
июль 0.00978318350079323 4.912654885736052 0.0480614042232242
август 0.00978318350079323 4.912654885736052 0.0480614042232242
август 0.00978318350079323 4.912654885736052 0.0480614042232242
сентябрь 0.00978318350079323 4.912654885736052 0.0480614042232242
сентябрь 0.00978318350079323 4.912654885736052 0.0480614042232242
октябрь 0.00978318350079323 4.912654885736052 0.0480614042232242
октябрь 0.00978318350079323 4.912654885736052 0.0480614042232242
ноябрь 0.00978318350079323 4.912654885736052 0.0480614042232242
ноябрь 0.00978318350079323 4.912654885736052 0.0480614042232242
декабрь 0.00978318350079323 4.912654885736052 0.0480614042232242
декабрь 0.00978318350079323 4.912654885736052 0.0480614042232242
год 0.006610259122157589 4.820281565605037 0.031863310190408764
январь 0.010047593865679535 4.919980925828125 0.04943397016961099
январь 0.010047593865679535 4.919980925828125 0.04943397016961099
февраль 0.01110523532522475 4.948759890378168 0.054957143150682994
февраль 0.01110523532522475 4.948759890378168 0.054957143150682994
март 0.010047593865679535 4.919980925828125 0.04943397016961099
март 0.010047593865679535 4.919980925828125 0.04943397016961099
апрель 0.00978318350079323 4.912654885736052 0.0480614042232242
апрель 0.00978318350079323 4.912654885736052 0.0480614042232242
май 0.010312004230565839 4.927253685157205 0.050809860846412216
май 0.010312004230565839 4.927253685157205 0.050809860846412216
июнь 0.00978318350079323 4.912654885736052 0.0480614042232242
июнь 0.00978318350079323 4.912654885736052 0.0480614042232242
июль 0.00978318350079323 4.912654885736052 0.0480614042232242
июль 0.00978318350079323 4.912654885736052 0.0480614042232242
август 0.00978318350079323 4.912654885736052 0.0480614042232242
август 0.00978318350079323 4.912654885736052 0.0480614042232242
сентябрь 0.00978318350079323 4.912654885736052 0.0480614042232242
сентябрь 0.00978318350079323 4.912654885736052 0.0480614042232242
октябрь 0.00978318350079323 4.912654885736052 0.0480614042232242
октябрь 0.00978318350079323 4.912654885736052 0.0480614042232242
ноябрь 0.00978318350079323 4.912654885736052 0.0480614042232242
ноябрь 0.00978318350079323 4.912654885736052 0.0480614042232242
декабрь 0.00978318350079323 4.912654885736052 0.0480614042232242
декабрь 0.00978318350079323 4.912654885736052 0.0480614042232242
год 0.006610259122157589 4.820281565605037 0.031863310190408764
январь 0.010047593865679535 4.919980925828125 0.04943397016961099
январь 0.010047593865679535 4.919980925828125 0.04943397016961099
февраль 0.01110523532522475 4.948759890378168 0.054957143150682994
февраль 0.01110523532522475 4.948759890378168 0.054957143150682994
март 0.010047593865679535 4.919980925828125 0.04943397016961099
март 0.010047593865679535 4.919980925828125 0.04943397016961099
апрель 0.00978318350079323 4.912654885736052 0.0480614042232242
апрель 0.00978318350079323 4.912654885736052 0.0480614042232242
май 0.010312004230565839 4.927253685157205 0.050809860846412216
май 0.010312004230565839 4.927253685157205 0.050809860846412216
июнь 0.00978318350079323 4.912654885736052 0.0480614042232242
июнь 0.00978318350079323 4.912654885736052 0.0480614042232242
июль 0.00978318350079323 4.912654885736052 0.0480614042232242
июль 0.00978318350079323 4.912654885736052 0.0480614042232242
август 0.00978318350079323 4.912654885736052 0.0480614042232242
август 0.00978318350079323 4.912654885736052 0.0480614042232242
сентябрь 0.00978318350079323 4.912654885736052 0.0480614042232242
сентябрь 0.00978318350079323 4.912654885736052 0.0480614042232242
октябрь 0.00978318350079323 4.912654885736052 0.0480614042232242
октябрь 0.00978318350079323 4.912654885736052 0.0480614042232242
ноябрь 0.00978318350079323 4.912654885736052 0.0480614042232242
ноябрь 0.00978318350079323 4.912654885736052 0.0480614042232242
декабрь 0.00978318350079323 4.912654885736052 0.0480614042232242
декабрь 0.00978318350079323 4.912654885736052 0.0480614042232242
год 0.006610259122157589 4.820281565605037 0.031863310190408764
январь 0.010047593865679535 4.919980925828125 0.04943397016961099
январь 0.010047593865679535 4.919980925828125 0.04943397016961099
февраль 0.01110523532522475 4.948759890378168 0.054957143150682994
февраль 0.01110523532522475 4.948759890378168 0.054957143150682994
март 0.010047593865679535 4.919980925828125 0.04943397016961099
март 0.010047593865679535 4.919980925828125 0.04943397016961099
апрель 0.00978318350079323 4.912654885736052 0.0480614042232242
апрель 0.00978318350079323 4.912654885736052 0.0480614042232242
май 0.010312004230565839 4.927253685157205 0.050809860846412216
май 0.010312004230565839 4.927253685157205 0.050809860846412216
июнь 0.00978318350079323 4.912654885736052 0.0480614042232242
июнь 0.00978318350079323 4.912654885736052 0.0480614042232242
июль 0.00978318350079323 4.912654885736052 0.0480614042232242
июль 0.00978318350079323 4.912654885736052 0.0480614042232242
август 0.00978318350079323 4.912654885736052 0.0480614042232242
август 0.00978318350079323 4.912654885736052 0.0480614042232242
сентябрь 0.00978318350079323 4.912654885736052 0.0480614042232242
сентябрь 0.00978318350079323 4.912654885736052 0.0480614042232242
октябрь 0.00978318350079323 4.912654885736052 0.0480614042232242
октябрь 0.00978318350079323 4.912654885736052 0.0480614042232242
ноябрь 0.00978318350079323 4.912654885736052 0.0480614042232242
ноябрь 0.00978318350079323 4.912654885736052 0.0480614042232242
декабрь 0.00978318350079323 4.912654885736052 0.0480614042232242
декабрь 0.00978318350079323 4.912654885736052 0.0480614042232242
год 0.006610259122157589 4.820281565605037 0.031863310190408764
январь 0.010047593865679535 4.919980925828125 0.04943397016961099
январь 0.010047593865679535 4.919980925828125 0.04943397016961099
февраль 0.01110523532522475 4.948759890378168 0.054957143150682994
февраль 0.01110523532522475 4.948759890378168 0.054957143150682994
март 0.010047593865679535 4.919980925828125 0.04943397016961099
март 0.010047593865679535 4.919980925828125 0.04943397016961099
апрель 0.00978318350079323 4.912654885736052 0.0480614042232242
апрель 0.00978318350079323 4.912654885736052 0.0480614042232242
май 0.010312004230565839 4.927253685157205 0.050809860846412216
май 0.010312004230565839 4.927253685157205 0.050809860846412216
июнь 0.00978318350079323 4.912654885736052 0.0480614042232242
июнь 0.00978318350079323 4.912654885736052 0.0480614042232242
июль 0.00978318350079323 4.912654885736052 0.0480614042232242
июль 0.00978318350079323 4.912654885736052 0.0480614042232242
август 0.00978318350079323 4.912654885736052 0.0480614042232242
август 0.00978318350079323 4.912654885736052 0.0480614042232242
сентябрь 0.00978318350079323 4.912654885736052 0.0480614042232242
сентябрь 0.00978318350079323 4.912654885736052 0.0480614042232242
октябрь 0.00978318350079323 4.912654885736052 0.0480614042232242
октябрь 0.00978318350079323 4.912654885736052 0.0480614042232242
ноябрь 0.00978318350079323 4.912654885736052 0.0480614042232242
ноябрь 0.00978318350079323 4.912654885736052 0.0480614042232242
декабрь 0.00978318350079323 4.912654885736052 0.0480614042232242
декабрь 0.00978318350079323 4.912654885736052 0.0480614042232242
год 0.006610259122157589 4.820281565605037 0.031863310190408764
январь 0.010047593865679535 4.919980925828125 0.04943397016961099
январь 0.010047593865679535 4.919980925828125 0.04943397016961099
февраль 0.01110523532522475 4.948759890378168 0.054957143150682994
февраль 0.01110523532522475 4.948759890378168 0.054957143150682994
март 0.010047593865679535 4.919980925828125 0.04943397016961099
март 0.010047593865679535 4.919980925828125 0.04943397016961099
апрель 0.00978318350079323 4.912654885736052 0.0480614042232242
апрель 0.00978318350079323 4.912654885736052 0.0480614042232242
май 0.010312004230565839 4.927253685157205 0.050809860846412216
май 0.010312004230565839 4.927253685157205 0.050809860846412216
июнь 0.00978318350079323 4.912654885736052 0.0480614042232242
июнь 0.00978318350079323 4.912654885736052 0.0480614042232242
июль 0.00978318350079323 4.912654885736052 0.0480614042232242
июль 0.00978318350079323 4.912654885736052 0.0480614042232242
август 0.00978318350079323 4.912654885736052 0.0480614042232242
август 0.00978318350079323 4.912654885736052 0.0480614042232242
сентябрь 0.00978318350079323 4.912654885736052 0.0480614042232242
сентябрь 0.00978318350079323 4.912654885736052 0.0480614042232242
октябрь 0.00978318350079323 4.912654885736052 0.0480614042232242
октябрь 0.00978318350079323 4.912654885736052 0.0480614042232242
ноябрь 0.00978318350079323 4.912654885736052 0.0480614042232242
ноябрь 0.00978318350079323 4.912654885736052 0.0480614042232242
декабрь 0.00978318350079323 4.912654885736052 0.0480614042232242
декабрь 0.00978318350079323 4.912654885736052 0.0480614042232242
год 0.006610259122157589 4.820281565605037 0.031863310190408764
январь 0.010047593865679535 4.919980925828125 0.04943397016961099
январь 0.010047593865679535 4.919980925828125 0.04943397016961099
февраль 0.01110523532522475 4.948759890378168 0.054957143150682994
февраль 0.01110523532522475 4.948759890378168 0.054957143150682994
март 0.010047593865679535 4.919980925828125 0.04943397016961099
март 0.010047593865679535 4.919980925828125 0.04943397016961099
апрель 0.00978318350079323 4.912654885736052 0.0480614042232242
апрель 0.00978318350079323 4.912654885736052 0.0480614042232242
май 0.010312004230565839 4.927253685157205 0.050809860846412216
май 0.010312004230565839 4.927253685157205 0.050809860846412216
июнь 0.00978318350079323 4.912654885736052 0.0480614042232242
июнь 0.00978318350079323 4.912654885736052 0.0480614042232242
июль 0.00978318350079323 4.912654885736052 0.0480614042232242
июль 0.00978318350079323 4.912654885736052 0.0480614042232242
август 0.00978318350079323 4.912654885736052 0.0480614042232242
август 0.00978318350079323 4.912654885736052 0.0480614042232242
сентябрь 0.00978318350079323 4.912654885736052 0.0480614042232242
сентябрь 0.00978318350079323 4.912654885736052 0.0480614042232242
октябрь 0.00978318350079323 4.912654885736052 0.0480614042232242
октябрь 0.00978318350079323 4.912654885736052 0.0480614042232242
ноябрь 0.00978318350079323 4.912654885736052 0.0480614042232242
ноябрь 0.00978318350079323 4.912654885736052 0.0480614042232242
декабрь 0.00978318350079323 4.912654885736052 0.0480614042232242
декабрь 0.00978318350079323 4.912654885736052 0.0480614042232242
год 0.006610259122157589 4.820281565605037 0.031863310190408764
январь 0.010047593865679535 4.919980925828125 0.04943397016961099
январь 0.010047593865679535 4.919980925828125 0.04943397016961099
февраль 0.01110523532522475 4.948759890378168 0.054957143150682994
февраль 0.01110523532522475 4.948759890378168 0.054957143150682994
март 0.010047593865679535 4.919980925828125 0.04943397016961099
март 0.010047593865679535 4.919980925828125 0.04943397016961099
апрель 0.00978318350079323 4.912654885736052 0.0480614042232242
апрель 0.00978318350079323 4.912654885736052 0.0480614042232242
май 0.010312004230565839 4.927253685157205 0.050809860846412216
май 0.010312004230565839 4.927253685157205 0.050809860846412216
июнь 0.00978318350079323 4.912654885736052 0.0480614042232242
июнь 0.00978318350079323 4.912654885736052 0.0480614042232242
июль 0.00978318350079323 4.912654885736052 0.0480614042232242
июль 0.00978318350079323 4.912654885736052 0.0480614042232242
август 0.00978318350079323 4.912654885736052 0.0480614042232242
август 0.00978318350079323 4.912654885736052 0.0480614042232242
сентябрь 0.00978318350079323 4.912654885736052 0.0480614042232242
сентябрь 0.00978318350079323 4.912654885736052 0.0480614042232242
октябрь 0.00978318350079323 4.912654885736052 0.0480614042232242
октябрь 0.00978318350079323 4.912654885736052 0.0480614042232242
ноябрь 0.00978318350079323 4.912654885736052 0.0480614042232242
ноябрь 0.00978318350079323 4.912654885736052 0.0480614042232242
декабрь 0.00978318350079323 4.912654885736052 0.0480614042232242
декабрь 0.00978318350079323 4.912654885736052 0.0480614042232242
год 0.006610259122157589 4.820281565605037 0.031863310190408764
январь 0.010047593865679535 4.919980925828125 0.04943397016961099
январь 0.010047593865679535 4.919980925828125 0.04943397016961099
февраль 0.01110523532522475 4.948759890378168 0.054957143150682994
февраль 0.01110523532522475 4.948759890378168 0.054957143150682994
март 0.010047593865679535 4.919980925828125 0.04943397016961099
март 0.010047593865679535 4.919980925828125 0.04943397016961099
апрель 0.00978318350079323 4.912654885736052 0.0480614042232242
апрель 0.00978318350079323 4.912654885736052 0.0480614042232242
май 0.010312004230565839 4.927253685157205 0.050809860846412216
май 0.010312004230565839 4.927253685157205 0.050809860846412216
июнь 0.00978318350079323 4.912654885736052 0.0480614042232242
июнь 0.00978318350079323 4.912654885736052 0.0480614042232242
июль 0.00978318350079323 4.912654885736052 0.0480614042232242
июль 0.00978318350079323 4.912654885736052 0.0480614042232242
август 0.00978318350079323 4.912654885736052 0.0480614042232242
август 0.00978318350079323 4.912654885736052 0.0480614042232242
сентябрь 0.00978318350079323 4.912654885736052 0.0480614042232242
сентябрь 0.00978318350079323 4.912654885736052 0.0480614042232242
октябрь 0.00978318350079323 4.912654885736052 0.0480614042232242
октябрь 0.00978318350079323 4.912654885736052 0.0480614042232242
ноябрь 0.00978318350079323 4.912654885736052 0.0480614042232242
ноябрь 0.00978318350079323 4.912654885736052 0.0480614042232242
декабрь 0.00978318350079323 4.912654885736052 0.0480614042232242
декабрь 0.00978318350079323 4.912654885736052 0.0480614042232242
год 0.006610259122157589 4.820281565605037 0.031863310190408764
январь 0.010047593865679535 4.919980925828125 0.04943397016961099
январь 0.010047593865679535 4.919980925828125 0.04943397016961099
февраль 0.01110523532522475 4.948759890378168 0.054957143150682994
февраль 0.01110523532522475 4.948759890378168 0.054957143150682994
март 0.010047593865679535 4.919980925828125 0.04943397016961099
март 0.010047593865679535 4.919980925828125 0.04943397016961099
апрель 0.00978318350079323 4.912654885736052 0.0480614042232242
апрель 0.00978318350079323 4.912654885736052 0.0480614042232242
май 0.010312004230565839 4.927253685157205 0.050809860846412216
май 0.010312004230565839 4.927253685157205 0.050809860846412216
июнь 0.00978318350079323 4.912654885736052 0.0480614042232242
июнь 0.00978318350079323 4.912654885736052 0.0480614042232242
июль 0.00978318350079323 4.912654885736052 0.0480614042232242
июль 0.00978318350079323 4.912654885736052 0.0480614042232242
август 0.00978318350079323 4.912654885736052 0.0480614042232242
август 0.00978318350079323 4.912654885736052 0.0480614042232242
сентябрь 0.00978318350079323 4.912654885736052 0.0480614042232242
сентябрь 0.00978318350079323 4.912654885736052 0.0480614042232242
октябрь 0.00978318350079323 4.912654885736052 0.0480614042232242
октябрь 0.00978318350079323 4.912654885736052 0.0480614042232242
ноябрь 0.00978318350079323 4.912654885736052 0.0480614042232242
ноябрь 0.00978318350079323 4.912654885736052 0.0480614042232242
декабрь 0.00978318350079323 4.912654885736052 0.0480614042232242
декабрь 0.00978318350079323 4.912654885736052 0.0480614042232242
год 0.006610259122157589 4.820281565605037 0.031863310190408764
январь 0.010047593865679535 4.919980925828125 0.04943397016961099
январь 0.010047593865679535 4.919980925828125 0.04943397016961099
февраль 0.01110523532522475 4.948759890378168 0.054957143150682994
февраль 0.01110523532522475 4.948759890378168 0.054957143150682994
март 0.010047593865679535 4.919980925828125 0.04943397016961099
март 0.010047593865679535 4.919980925828125 0.04943397016961099
апрель 0.00978318350079323 4.912654885736052 0.0480614042232242
апрель 0.00978318350079323 4.912654885736052 0.0480614042232242
май 0.010312004230565839 4.927253685157205 0.050809860846412216
май 0.010312004230565839 4.927253685157205 0.050809860846412216
июнь 0.00978318350079323 4.912654885736052 0.0480614042232242
июнь 0.00978318350079323 4.912654885736052 0.0480614042232242
июль 0.00978318350079323 4.912654885736052 0.0480614042232242
июль 0.00978318350079323 4.912654885736052 0.0480614042232242
август 0.00978318350079323 4.912654885736052 0.0480614042232242
август 0.00978318350079323 4.912654885736052 0.0480614042232242
сентябрь 0.00978318350079323 4.912654885736052 0.0480614042232242
сентябрь 0.00978318350079323 4.912654885736052 0.0480614042232242
октябрь 0.00978318350079323 4.912654885736052 0.0480614042232242
октябрь 0.00978318350079323 4.912654885736052 0.0480614042232242
ноябрь 0.00978318350079323 4.912654885736052 0.0480614042232242
ноябрь 0.00978318350079323 4.912654885736052 0.0480614042232242
декабрь 0.00978318350079323 4.912654885736052 0.0480614042232242
декабрь 0.00978318350079323 4.912654885736052 0.0480614042232242
год 0.006610259122157589 4.820281565605037 0.031863310190408764
январь 0.010047593865679535 4.919980925828125 0.04943397016961099
январь 0.010047593865679535 4.919980925828125 0.04943397016961099
февраль 0.01110523532522475 4.948759890378168 0.054957143150682994
февраль 0.01110523532522475 4.948759890378168 0.054957143150682994
март 0.010047593865679535 4.919980925828125 0.04943397016961099
март 0.010047593865679535 4.919980925828125 0.04943397016961099
апрель 0.00978318350079323 4.912654885736052 0.0480614042232242
апрель 0.00978318350079323 4.912654885736052 0.0480614042232242
май 0.010312004230565839 4.927253685157205 0.050809860846412216
май 0.010312004230565839 4.927253685157205 0.050809860846412216
июнь 0.00978318350079323 4.912654885736052 0.0480614042232242
июнь 0.00978318350079323 4.912654885736052 0.0480614042232242
июль 0.00978318350079323 4.912654885736052 0.0480614042232242
июль 0.00978318350079323 4.912654885736052 0.0480614042232242
август 0.00978318350079323 4.912654885736052 0.0480614042232242
август 0.00978318350079323 4.912654885736052 0.0480614042232242
сентябрь 0.00978318350079323 4.912654885736052 0.0480614042232242
сентябрь 0.00978318350079323 4.912654885736052 0.0480614042232242
октябрь 0.00978318350079323 4.912654885736052 0.0480614042232242
октябрь 0.00978318350079323 4.912654885736052 0.0480614042232242
ноябрь 0.00978318350079323 4.912654885736052 0.0480614042232242
ноябрь 0.00978318350079323 4.912654885736052 0.0480614042232242
декабрь 0.00978318350079323 4.912654885736052 0.0480614042232242
декабрь 0.00978318350079323 4.912654885736052 0.0480614042232242
год 0.006610259122157589 4.820281565605037 0.031863310190408764
январь 0.010047593865679535 4.919980925828125 0.04943397016961099
январь 0.010047593865679535 4.919980925828125 0.04943397016961099
февраль 0.01110523532522475 4.948759890378168 0.054957143150682994
февраль 0.01110523532522475 4.948759890378168 0.054957143150682994
март 0.010047593865679535 4.919980925828125 0.04943397016961099
март 0.010047593865679535 4.919980925828125 0.04943397016961099
апрель 0.00978318350079323 4.912654885736052 0.0480614042232242
апрель 0.00978318350079323 4.912654885736052 0.0480614042232242
май 0.010312004230565839 4.927253685157205 0.050809860846412216
май 0.010312004230565839 4.927253685157205 0.050809860846412216
июнь 0.00978318350079323 4.912654885736052 0.0480614042232242
июнь 0.00978318350079323 4.912654885736052 0.0480614042232242
июль 0.00978318350079323 4.912654885736052 0.0480614042232242
июль 0.00978318350079323 4.912654885736052 0.0480614042232242
август 0.00978318350079323 4.912654885736052 0.0480614042232242
август 0.00978318350079323 4.912654885736052 0.0480614042232242
сентябрь 0.00978318350079323 4.912654885736052 0.0480614042232242
сентябрь 0.00978318350079323 4.912654885736052 0.0480614042232242
октябрь 0.00978318350079323 4.912654885736052 0.0480614042232242
октябрь 0.00978318350079323 4.912654885736052 0.0480614042232242
ноябрь 0.00978318350079323 4.912654885736052 0.0480614042232242
ноябрь 0.00978318350079323 4.912654885736052 0.0480614042232242
декабрь 0.00978318350079323 4.912654885736052 0.0480614042232242
декабрь 0.00978318350079323 4.912654885736052 0.0480614042232242
год 0.006610259122157589 4.820281565605037 0.031863310190408764
январь 0.010047593865679535 4.919980925828125 0.04943397016961099
январь 0.010047593865679535 4.919980925828125 0.04943397016961099
февраль 0.01110523532522475 4.948759890378168 0.054957143150682994
февраль 0.01110523532522475 4.948759890378168 0.054957143150682994
март 0.010047593865679535 4.919980925828125 0.04943397016961099
март 0.010047593865679535 4.919980925828125 0.04943397016961099
апрель 0.00978318350079323 4.912654885736052 0.0480614042232242
апрель 0.00978318350079323 4.912654885736052 0.0480614042232242
май 0.010312004230565839 4.927253685157205 0.050809860846412216
май 0.010312004230565839 4.927253685157205 0.050809860846412216
июнь 0.00978318350079323 4.912654885736052 0.0480614042232242
июнь 0.00978318350079323 4.912654885736052 0.0480614042232242
июль 0.00978318350079323 4.912654885736052 0.0480614042232242
июль 0.00978318350079323 4.912654885736052 0.0480614042232242
август 0.00978318350079323 4.912654885736052 0.0480614042232242
август 0.00978318350079323 4.912654885736052 0.0480614042232242
сентябрь 0.00978318350079323 4.912654885736052 0.0480614042232242
сентябрь 0.00978318350079323 4.912654885736052 0.0480614042232242
октябрь 0.00978318350079323 4.912654885736052 0.0480614042232242
октябрь 0.00978318350079323 4.912654885736052 0.0480614042232242
ноябрь 0.00978318350079323 4.912654885736052 0.0480614042232242
ноябрь 0.00978318350079323 4.912654885736052 0.0480614042232242
декабрь 0.00978318350079323 4.912654885736052 0.0480614042232242
декабрь 0.00978318350079323 4.912654885736052 0.0480614042232242
год 0.006610259122157589 4.820281565605037 0.031863310190408764
январь 0.010047593865679535 4.919980925828125 0.04943397016961099
январь 0.010047593865679535 4.919980925828125 0.04943397016961099
февраль 0.01110523532522475 4.948759890378168 0.054957143150682994
февраль 0.01110523532522475 4.948759890378168 0.054957143150682994
март 0.010047593865679535 4.919980925828125 0.04943397016961099
страница 0.007667900581702803 4.852030263919617 0.037204885683148836
март 0.010047593865679535 4.919980925828125 0.04943397016961099
апрель 0.00978318350079323 4.912654885736052 0.0480614042232242
страница 0.007667900581702803 4.852030263919617 0.037204885683148836
апрель 0.00978318350079323 4.912654885736052 0.0480614042232242
май 0.010312004230565839 4.927253685157205 0.050809860846412216
страница 0.007667900581702803 4.852030263919617 0.037204885683148836
май 0.010312004230565839 4.927253685157205 0.050809860846412216
июнь 0.00978318350079323 4.912654885736052 0.0480614042232242
страница 0.007667900581702803 4.852030263919617 0.037204885683148836
июнь 0.00978318350079323 4.912654885736052 0.0480614042232242
июль 0.00978318350079323 4.912654885736052 0.0480614042232242
страница 0.007667900581702803 4.852030263919617 0.037204885683148836
июль 0.00978318350079323 4.912654885736052 0.0480614042232242
август 0.00978318350079323 4.912654885736052 0.0480614042232242
страница 0.007667900581702803 4.852030263919617 0.037204885683148836
август 0.00978318350079323 4.912654885736052 0.0480614042232242
сентябрь 0.00978318350079323 4.912654885736052 0.0480614042232242
страница 0.007667900581702803 4.852030263919617 0.037204885683148836
сентябрь 0.00978318350079323 4.912654885736052 0.0480614042232242
октябрь 0.00978318350079323 4.912654885736052 0.0480614042232242
страница 0.007667900581702803 4.852030263919617 0.037204885683148836
октябрь 0.00978318350079323 4.912654885736052 0.0480614042232242
ноябрь 0.00978318350079323 4.912654885736052 0.0480614042232242
страница 0.007667900581702803 4.852030263919617 0.037204885683148836
ноябрь 0.00978318350079323 4.912654885736052 0.0480614042232242
декабрь 0.00978318350079323 4.912654885736052 0.0480614042232242
страница 0.007667900581702803 4.852030263919617 0.037204885683148836
декабрь 0.00978318350079323 4.912654885736052 0.0480614042232242
источник 0.00026441036488630354 0 0.0
служебная 0.0013220518244315177 4.6443908991413725 0.006140125461582989
категории 0.0005288207297726071 4.61512051684126 0.0024405713997045267
категории 0.0005288207297726071 4.61512051684126 0.0024405713997045267
категория 0.0013220518244315177 4.6443908991413725 0.006140125461582989
порталы 0.0007932310946589106 4.624972813284271 0.0036686722474491835
порталы 0.0007932310946589106 4.624972813284271 0.0036686722474491835
категория 0.0013220518244315177 4.6443908991413725 0.006140125461582989
википедия 0.0031729243786356425 4.709530201312334 0.01494298318766473
содержание 0.0010576414595452142 4.634728988229636 0.004901881531707706
википедии 0.0026441036488630354 4.6913478822291435 0.012404410053487951
википедия 0.0031729243786356425 4.709530201312334 0.01494298318766473
содержание 0.0010576414595452142 4.634728988229636 0.004901881531707706
википедии 0.0026441036488630354 4.6913478822291435 0.012404410053487951
навигация 0.0005288207297726071 4.61512051684126 0.0024405713997045267
персональные 0.00026441036488630354 0 0.0
инструменты 0.0005288207297726071 4.61512051684126 0.0024405713997045267
страница 0.007667900581702803 4.852030263919617 0.037204885683148836
участника 0.00026441036488630354 0 0.0
моего 0.0005288207297726071 4.61512051684126 0.0024405713997045267
вы 0.0005288207297726071 4.61512051684126 0.0024405713997045267
представились 0.00026441036488630354 0 0.0
системе 0.0005288207297726071 4.61512051684126 0.0024405713997045267
страница 0.007667900581702803 4.852030263919617 0.037204885683148836
обсуждений 0.00026441036488630354 0 0.0
моего 0.0005288207297726071 4.61512051684126 0.0024405713997045267
обсуждение 0.003966155473294554 4.736198448394496 0.018784499398709003
список 0.002908514013749339 4.700480365792417 0.013671413015260862
правок 0.00026441036488630354 0 0.0
сделанных 0.00026441036488630354 0 0.0
вклад 0.00026441036488630354 0 0.0
мы 0.00026441036488630354 0 0.0
предлагаем 0.00026441036488630354 0 0.0
создать 0.0010576414595452142 4.634728988229636 0.004901881531707706
учётную 0.0005288207297726071 4.61512051684126 0.0024405713997045267
запись 0.0007932310946589106 4.624972813284271 0.0036686722474491835
войти 0.0005288207297726071 4.61512051684126 0.0024405713997045267
систему 0.00026441036488630354 0 0.0
хотя 0.00026441036488630354 0 0.0
это 0.0010576414595452142 4.634728988229636 0.004901881531707706
обязательно 0.00026441036488630354 0 0.0
создать 0.0010576414595452142 4.634728988229636 0.004901881531707706
учётную 0.0005288207297726071 4.61512051684126 0.0024405713997045267
запись 0.0007932310946589106 4.624972813284271 0.0036686722474491835
здесь 0.00026441036488630354 0 0.0
зарегистрироваться 0.00026441036488630354 0 0.0
системе 0.0005288207297726071 4.61512051684126 0.0024405713997045267
это 0.0010576414595452142 4.634728988229636 0.004901881531707706
необязательно 0.00026441036488630354 0 0.0
войти 0.0005288207297726071 4.61512051684126 0.0024405713997045267
пространства 0.00026441036488630354 0 0.0
имён 0.00026441036488630354 0 0.0
портал 0.005023796932839768 4.770684624465665 0.023966950783936448
обсуждение 0.003966155473294554 4.736198448394496 0.018784499398709003
основной 0.00026441036488630354 0 0.0
страницы 0.003966155473294554 4.736198448394496 0.018784499398709003
обсуждение 0.003966155473294554 4.736198448394496 0.018784499398709003
изменить 0.00026441036488630354 0 0.0
вариант 0.00026441036488630354 0 0.0
языка 0.00026441036488630354 0 0.0
русский 0.0005288207297726071 4.61512051684126 0.0024405713997045267
просмотры 0.00026441036488630354 0 0.0
читать 0.00026441036488630354 0 0.0
эта 0.0007932310946589106 4.624972813284271 0.0036686722474491835
страница 0.007667900581702803 4.852030263919617 0.037204885683148836
защищена 0.00026441036488630354 0 0.0
изменений 0.0007932310946589106 4.624972813284271 0.0036686722474491835
вы 0.0005288207297726071 4.61512051684126 0.0024405713997045267
можете 0.00026441036488630354 0 0.0
посмотреть 0.0005288207297726071 4.61512051684126 0.0024405713997045267
её 0.00026441036488630354 0 0.0
исходный 0.00026441036488630354 0 0.0
текст 0.0007932310946589106 4.624972813284271 0.0036686722474491835
просмотр 0.002379693283976732 4.68213122712422 0.011142036235885241
кода 0.00026441036488630354 0 0.0
журнал 0.00026441036488630354 0 0.0
изменений 0.0007932310946589106 4.624972813284271 0.0036686722474491835
страницы 0.003966155473294554 4.736198448394496 0.018784499398709003
история 0.0007932310946589106 4.624972813284271 0.0036686722474491835
больше 0.00026441036488630354 0 0.0
возможностей 0.00026441036488630354 0 0.0
ещё 0.0005288207297726071 4.61512051684126 0.0024405713997045267
искать 0.0007932310946589106 4.624972813284271 0.0036686722474491835
википедии 0.0026441036488630354 4.6913478822291435 0.012404410053487951
искать 0.0007932310946589106 4.624972813284271 0.0036686722474491835
википедии 0.0026441036488630354 4.6913478822291435 0.012404410053487951
искать 0.0007932310946589106 4.624972813284271 0.0036686722474491835
википедии 0.0026441036488630354 4.6913478822291435 0.012404410053487951
служебная 0.0013220518244315177 4.6443908991413725 0.006140125461582989
поиск 0.00026441036488630354 0 0.0
найти 0.0005288207297726071 4.61512051684126 0.0024405713997045267
страницы 0.003966155473294554 4.736198448394496 0.018784499398709003
содержащие 0.00026441036488630354 0 0.0
указанный 0.00026441036488630354 0 0.0
текст 0.0007932310946589106 4.624972813284271 0.0036686722474491835
найти 0.0005288207297726071 4.61512051684126 0.0024405713997045267
перейти 0.0021152829190904283 4.672828834461906 0.009884355017370504
странице 0.0013220518244315177 4.6443908991413725 0.006140125461582989
имеющей 0.00026441036488630354 0 0.0
точности 0.00026441036488630354 0 0.0
такое 0.00026441036488630354 0 0.0
название 0.00026441036488630354 0 0.0
перейти 0.0021152829190904283 4.672828834461906 0.009884355017370504
перейти 0.0021152829190904283 4.672828834461906 0.009884355017370504
заглавную 0.0005288207297726071 4.61512051684126 0.0024405713997045267
страницу 0.0010576414595452142 4.634728988229636 0.004901881531707706
навигация 0.0005288207297726071 4.61512051684126 0.0024405713997045267
перейти 0.0021152829190904283 4.672828834461906 0.009884355017370504
заглавную 0.0005288207297726071 4.61512051684126 0.0024405713997045267
страницу 0.0010576414595452142 4.634728988229636 0.004901881531707706
заглавная 0.0005288207297726071 4.61512051684126 0.0024405713997045267
страница 0.007667900581702803 4.852030263919617 0.037204885683148836
содержание 0.0010576414595452142 4.634728988229636 0.004901881531707706
статьи 0.002379693283976732 4.68213122712422 0.011142036235885241
считающиеся 0.00026441036488630354 0 0.0
лучшими 0.00026441036488630354 0 0.0
статьями 0.00026441036488630354 0 0.0
проекта 0.00026441036488630354 0 0.0
избранные 0.00026441036488630354 0 0.0
статьи 0.002379693283976732 4.68213122712422 0.011142036235885241
посмотреть 0.0005288207297726071 4.61512051684126 0.0024405713997045267
случайно 0.00026441036488630354 0 0.0
выбранную 0.00026441036488630354 0 0.0
страницу 0.0010576414595452142 4.634728988229636 0.004901881531707706
случайная 0.00026441036488630354 0 0.0
статья 0.00026441036488630354 0 0.0
статьи 0.002379693283976732 4.68213122712422 0.011142036235885241
текущих 0.00026441036488630354 0 0.0
событиях 0.00026441036488630354 0 0.0
мире 0.0005288207297726071 4.61512051684126 0.0024405713997045267
текущие 0.005023796932839768 4.770684624465665 0.023966950783936448
события 0.009518773135906928 4.90527477843843 0.04669219778524153
поддержите 0.00026441036488630354 0 0.0
пожертвовать 0.00026441036488630354 0 0.0
участие 0.0005288207297726071 4.61512051684126 0.0024405713997045267
сообщить 0.0005288207297726071 4.61512051684126 0.0024405713997045267
ошибке 0.0005288207297726071 4.61512051684126 0.0024405713997045267
статье 0.00026441036488630354 0 0.0
сообщить 0.0005288207297726071 4.61512051684126 0.0024405713997045267
ошибке 0.0005288207297726071 4.61512051684126 0.0024405713997045267
как 0.0005288207297726071 4.61512051684126 0.0024405713997045267
править 0.002379693283976732 4.68213122712422 0.011142036235885241
статьи 0.002379693283976732 4.68213122712422 0.011142036235885241
о 0.00026441036488630354 0 0.0
проекте 0.00026441036488630354 0 0.0
заниматься 0.00026441036488630354 0 0.0
также 0.0007932310946589106 4.624972813284271 0.0036686722474491835
находится 0.00026441036488630354 0 0.0
сообщество 0.00026441036488630354 0 0.0
форум 0.0005288207297726071 4.61512051684126 0.0024405713997045267
участников 0.0005288207297726071 4.61512051684126 0.0024405713997045267
википедии 0.0026441036488630354 4.6913478822291435 0.012404410053487951
форум 0.0005288207297726071 4.61512051684126 0.0024405713997045267
список 0.002908514013749339 4.700480365792417 0.013671413015260862
последних 0.00026441036488630354 0 0.0
изменений 0.0007932310946589106 4.624972813284271 0.0036686722474491835
свежие 0.00026441036488630354 0 0.0
правки 0.0005288207297726071 4.61512051684126 0.0024405713997045267
список 0.002908514013749339 4.700480365792417 0.013671413015260862
недавно 0.0018508725542041248 4.663439094112067 0.008631431427494571
созданных 0.00026441036488630354 0 0.0
страниц 0.0007932310946589106 4.624972813284271 0.0036686722474491835
новые 0.00026441036488630354 0 0.0
страницы 0.003966155473294554 4.736198448394496 0.018784499398709003
место 0.00026441036488630354 0 0.0
расположения 0.00026441036488630354 0 0.0
справки 0.00026441036488630354 0 0.0
справка 0.00026441036488630354 0 0.0
инструменты 0.0005288207297726071 4.61512051684126 0.0024405713997045267
список 0.002908514013749339 4.700480365792417 0.013671413015260862
страниц 0.0007932310946589106 4.624972813284271 0.0036686722474491835
ссылающихся 0.00026441036488630354 0 0.0
данную 0.00026441036488630354 0 0.0
ссылки 0.0010576414595452142 4.634728988229636 0.004901881531707706
сюда 0.00026441036488630354 0 0.0
последние 0.0005288207297726071 4.61512051684126 0.0024405713997045267
изменения 0.00026441036488630354 0 0.0
страницах 0.00026441036488630354 0 0.0
которые 0.0005288207297726071 4.61512051684126 0.0024405713997045267
ссылается 0.00026441036488630354 0 0.0
эта 0.0007932310946589106 4.624972813284271 0.0036686722474491835
страница 0.007667900581702803 4.852030263919617 0.037204885683148836
связанные 0.00026441036488630354 0 0.0
правки 0.0005288207297726071 4.61512051684126 0.0024405713997045267
список 0.002908514013749339 4.700480365792417 0.013671413015260862
служебных 0.00026441036488630354 0 0.0
страниц 0.0007932310946589106 4.624972813284271 0.0036686722474491835
служебные 0.00026441036488630354 0 0.0
страницы 0.003966155473294554 4.736198448394496 0.018784499398709003
постоянная 0.0005288207297726071 4.61512051684126 0.0024405713997045267
ссылка 0.0007932310946589106 4.624972813284271 0.0036686722474491835
версию 0.00026441036488630354 0 0.0
страницы 0.003966155473294554 4.736198448394496 0.018784499398709003
постоянная 0.0005288207297726071 4.61512051684126 0.0024405713997045267
ссылка 0.0007932310946589106 4.624972813284271 0.0036686722474491835
подробнее 0.0005288207297726071 4.61512051684126 0.0024405713997045267
странице 0.0013220518244315177 4.6443908991413725 0.006140125461582989
сведения 0.00026441036488630354 0 0.0
странице 0.0013220518244315177 4.6443908991413725 0.006140125461582989
ссылка 0.0007932310946589106 4.624972813284271 0.0036686722474491835
связанный 0.00026441036488630354 0 0.0
элемент 0.0005288207297726071 4.61512051684126 0.0024405713997045267
репозитория 0.00026441036488630354 0 0.0
данных 0.00026441036488630354 0 0.0
элемент 0.0005288207297726071 4.61512051684126 0.0024405713997045267
викиданных 0.00026441036488630354 0 0.0
создать 0.0010576414595452142 4.634728988229636 0.004901881531707706
книгу 0.0005288207297726071 4.61512051684126 0.0024405713997045267
коллекцию 0.00026441036488630354 0 0.0
статей 0.0007932310946589106 4.624972813284271 0.0036686722474491835
создать 0.0010576414595452142 4.634728988229636 0.004901881531707706
книгу 0.0005288207297726071 4.61512051684126 0.0024405713997045267
скачать 0.0005288207297726071 4.61512051684126 0.0024405713997045267
страницу 0.0010576414595452142 4.634728988229636 0.004901881531707706
файл 0.00026441036488630354 0 0.0
скачать 0.0005288207297726071 4.61512051684126 0.0024405713997045267
версия 0.0026441036488630354 4.6913478822291435 0.012404410053487951
страницы 0.003966155473294554 4.736198448394496 0.018784499398709003
печати 0.0005288207297726071 4.61512051684126 0.0024405713997045267
версия 0.0026441036488630354 4.6913478822291435 0.012404410053487951
печати 0.0005288207297726071 4.61512051684126 0.0024405713997045267
на 0.002908514013749339 4.700480365792417 0.013671413015260862
других 0.00026441036488630354 0 0.0
языках 0.00026441036488630354 0 0.0
староанглийский 0.00026441036488630354 0 0.0
арабский 0.00026441036488630354 0 0.0
ассамский 0.00026441036488630354 0 0.0
википедия 0.0031729243786356425 4.709530201312334 0.01494298318766473
портал 0.005023796932839768 4.770684624465665 0.023966950783936448
башкирский 0.00026441036488630354 0 0.0
башҡортса 0.00026441036488630354 0 0.0
каталанский 0.00026441036488630354 0 0.0
ков 0.00026441036488630354 0 0.0
чеченский 0.00026441036488630354 0 0.0
нохчийн 0.00026441036488630354 0 0.0
себуано 0.00026441036488630354 0 0.0
чероки 0.00026441036488630354 0 0.0
сорани 0.00026441036488630354 0 0.0
чешский 0.00026441036488630354 0 0.0
википеди 0.0005288207297726071 4.61512051684126 0.0024405713997045267
чувашский 0.00026441036488630354 0 0.0
чӑвашла 0.00026441036488630354 0 0.0
датский 0.00026441036488630354 0 0.0
греческий 0.00026441036488630354 0 0.0
английский 0.00026441036488630354 0 0.0
эсперанто 0.00026441036488630354 0 0.0
испанский 0.00026441036488630354 0 0.0
баскский 0.00026441036488630354 0 0.0
персидский 0.00026441036488630354 0 0.0
финский 0.0005288207297726071 4.61512051684126 0.0024405713997045267
фарерский 0.00026441036488630354 0 0.0
французский 0.00026441036488630354 0 0.0
ирландский 0.00026441036488630354 0 0.0
гань 0.00026441036488630354 0 0.0
гуджарати 0.00026441036488630354 0 0.0
хакка 0.00026441036488630354 0 0.0
хинди 0.00026441036488630354 0 0.0
хорватский 0.00026441036488630354 0 0.0
венгерский 0.00026441036488630354 0 0.0
армянский 0.00026441036488630354 0 0.0
интерлингва 0.00026441036488630354 0 0.0
индонезийский 0.00026441036488630354 0 0.0
исландский 0.00026441036488630354 0 0.0
японский 0.00026441036488630354 0 0.0
грузинский 0.00026441036488630354 0 0.0
портал 0.005023796932839768 4.770684624465665 0.023966950783936448
казахский 0.00026441036488630354 0 0.0
корейский 0.00026441036488630354 0 0.0
курдский 0.00026441036488630354 0 0.0
латинский 0.00026441036488630354 0 0.0
ладино 0.00026441036488630354 0 0.0
люксембургский 0.00026441036488630354 0 0.0
лимбургский 0.00026441036488630354 0 0.0
литовский 0.00026441036488630354 0 0.0
майтхили 0.00026441036488630354 0 0.0
минангкабау 0.00026441036488630354 0 0.0
малаялам 0.00026441036488630354 0 0.0
сан 0.00026441036488630354 0 0.0
монгольский 0.00026441036488630354 0 0.0
монгол 0.00026441036488630354 0 0.0
маратхи 0.00026441036488630354 0 0.0
малайский 0.00026441036488630354 0 0.0
бирманский 0.00026441036488630354 0 0.0
портал 0.005023796932839768 4.770684624465665 0.023966950783936448
текущие 0.005023796932839768 4.770684624465665 0.023966950783936448
события 0.009518773135906928 4.90527477843843 0.04669219778524153
мазандеранский 0.00026441036488630354 0 0.0
науру 0.00026441036488630354 0 0.0
неаполитанский 0.00026441036488630354 0 0.0
непальский 0.00026441036488630354 0 0.0
ниас 0.00026441036488630354 0 0.0
нидерландский 0.00026441036488630354 0 0.0
окситанский 0.00026441036488630354 0 0.0
википеди 0.0005288207297726071 4.61512051684126 0.0024405713997045267
ног 0.00026441036488630354 0 0.0
осетинский 0.00026441036488630354 0 0.0
ирон 0.00026441036488630354 0 0.0
панджаби 0.00026441036488630354 0 0.0
польский 0.00026441036488630354 0 0.0
португальский 0.00026441036488630354 0 0.0
румынский 0.00026441036488630354 0 0.0
сицилийский 0.00026441036488630354 0 0.0
шотландский 0.00026441036488630354 0 0.0
синдхи 0.00026441036488630354 0 0.0
сингальский 0.00026441036488630354 0 0.0
словацкий 0.00026441036488630354 0 0.0
словенский 0.00026441036488630354 0 0.0
сомали 0.00026441036488630354 0 0.0
албанский 0.00026441036488630354 0 0.0
портал 0.005023796932839768 4.770684624465665 0.023966950783936448
сербский 0.00026441036488630354 0 0.0
српски 0.00026441036488630354 0 0.0
сунданский 0.00026441036488630354 0 0.0
шведский 0.0005288207297726071 4.61512051684126 0.0024405713997045267
тамильский 0.00026441036488630354 0 0.0
портал 0.005023796932839768 4.770684624465665 0.023966950783936448
таджикский 0.00026441036488630354 0 0.0
тоҷикӣ 0.00026441036488630354 0 0.0
тайский 0.00026441036488630354 0 0.0
тагалог 0.00026441036488630354 0 0.0
портал 0.005023796932839768 4.770684624465665 0.023966950783936448
татарский 0.00026441036488630354 0 0.0
татарча 0.00026441036488630354 0 0.0
портал 0.005023796932839768 4.770684624465665 0.023966950783936448
украинский 0.00026441036488630354 0 0.0
українська 0.00026441036488630354 0 0.0
урду 0.00026441036488630354 0 0.0
узбекский 0.00026441036488630354 0 0.0
вьетнамский 0.00026441036488630354 0 0.0
волапюк 0.00026441036488630354 0 0.0
валлонский 0.00026441036488630354 0 0.0
ву 0.00026441036488630354 0 0.0
идиш 0.00026441036488630354 0 0.0
йоруба 0.00026441036488630354 0 0.0
китайский 0.00026441036488630354 0 0.0
зулу 0.00026441036488630354 0 0.0
править 0.002379693283976732 4.68213122712422 0.011142036235885241
межъязыковые 0.00026441036488630354 0 0.0
ссылки 0.0010576414595452142 4.634728988229636 0.004901881531707706
править 0.002379693283976732 4.68213122712422 0.011142036235885241
ссылки 0.0010576414595452142 4.634728988229636 0.004901881531707706
эта 0.0007932310946589106 4.624972813284271 0.0036686722474491835
страница 0.007667900581702803 4.852030263919617 0.037204885683148836
последний 0.00026441036488630354 0 0.0
отредактирована 0.00026441036488630354 0 0.0
февраля 0.03278688524590164 5.407171771460119 0.1772843203757416
текст 0.0007932310946589106 4.624972813284271 0.0036686722474491835
доступен 0.00026441036488630354 0 0.0
лицензии 0.00026441036488630354 0 0.0
отдельных 0.00026441036488630354 0 0.0
случаях 0.00026441036488630354 0 0.0
могут 0.0005288207297726071 4.61512051684126 0.0024405713997045267
действовать 0.00026441036488630354 0 0.0
дополнительные 0.00026441036488630354 0 0.0
условия 0.0005288207297726071 4.61512051684126 0.0024405713997045267
подробнее 0.0005288207297726071 4.61512051684126 0.0024405713997045267
см 0.0007932310946589106 4.624972813284271 0.0036686722474491835
условия 0.0005288207297726071 4.61512051684126 0.0024405713997045267
использования 0.00026441036488630354 0 0.0
зарегистрированный 0.00026441036488630354 0 0.0
товарный 0.00026441036488630354 0 0.0
знак 0.00026441036488630354 0 0.0
некоммерческой 0.00026441036488630354 0 0.0
организации 0.00026441036488630354 0 0.0
политика 0.00026441036488630354 0 0.0
конфиденциальности 0.00026441036488630354 0 0.0
описание 0.00026441036488630354 0 0.0
википедии 0.0026441036488630354 4.6913478822291435 0.012404410053487951
отказ 0.00026441036488630354 0 0.0
ответственности 0.00026441036488630354 0 0.0
контакты 0.00026441036488630354 0 0.0
свяжитесь 0.00026441036488630354 0 0.0
нами 0.00026441036488630354 0 0.0
мобильная 0.00026441036488630354 0 0.0
версия 0.0026441036488630354 4.6913478822291435 0.012404410053487951
разработчики 0.00026441036488630354 0 0.0
статистика 0.00026441036488630354 0 0.0
заявление 0.00026441036488630354 0 0.0
куки 0.00026441036488630354 0 0.0
портал 0.005023796932839768 4.770684624465665 0.023966950783936448
шаблон 0.002908514013749339 4.700480365792417 0.013671413015260862
шаблон 0.002908514013749339 4.700480365792417 0.013671413015260862
портал 0.005023796932839768 4.770684624465665 0.023966950783936448
портал 0.005023796932839768 4.770684624465665 0.023966950783936448
шаблон 0.002908514013749339 4.700480365792417 0.013671413015260862
шаблон 0.002908514013749339 4.700480365792417 0.013671413015260862
шаблон 0.002908514013749339 4.700480365792417 0.013671413015260862
шаблон 0.002908514013749339 4.700480365792417 0.013671413015260862
