текущие 0.005023796932839768 4.770684624465665 0.023966950783936448
события 0.009518773135906928 4.90527477843843 0.04669219778524153
википедия 0.0031729243786356425 4.709530201312334 0.01494298318766473
январь 0.010047593865679535 4.919980925828125 0.04943397016961099
февраль 0.01110523532522475 4.948759890378168 0.054957143150682994
март 0.010047593865679535 4.919980925828125 0.04943397016961099
апрель 0.00978318350079323 4.912654885736052 0.0480614042232242
май 0.010312004230565839 4.927253685157205 0.050809860846412216
июнь 0.00978318350079323 4.912654885736052 0.0480614042232242
июль 0.00978318350079323 4.912654885736052 0.0480614042232242
август 0.00978318350079323 4.912654885736052 0.0480614042232242
сентябрь 0.00978318350079323 4.912654885736052 0.0480614042232242
октябрь 0.00978318350079323 4.912654885736052 0.0480614042232242
ноябрь 0.00978318350079323 4.912654885736052 0.0480614042232242
декабрь 0.00978318350079323 4.912654885736052 0.0480614042232242
текущие 0.005023796932839768 4.770684624465665 0.023966950783936448
события 0.009518773135906928 4.90527477843843 0.04669219778524153
википедия 0.0031729243786356425 4.709530201312334 0.01494298318766473
содержание 0.0010576414595452142 4.634728988229636 0.004901881531707706
википедии 0.0026441036488630354 4.6913478822291435 0.012404410053487951
русский 0.0005288207297726071 4.61512051684126 0.0024405713997045267
текущие 0.005023796932839768 4.770684624465665 0.023966950783936448
события 0.009518773135906928 4.90527477843843 0.04669219778524153
википедия 0.0031729243786356425 4.709530201312334 0.01494298318766473
википедия 0.0031729243786356425 4.709530201312334 0.01494298318766473
текущие 0.005023796932839768 4.770684624465665 0.023966950783936448
события 0.009518773135906928 4.90527477843843 0.04669219778524153
википедии 0.0026441036488630354 4.6913478822291435 0.012404410053487951
страницы 0.003966155473294554 4.736198448394496 0.018784499398709003
версия 0.0026441036488630354 4.6913478822291435 0.012404410053487951
страницы 0.003966155473294554 4.736198448394496 0.018784499398709003
это 0.0010576414595452142 4.634728988229636 0.004901881531707706
википедия 0.0031729243786356425 4.709530201312334 0.01494298318766473
версия 0.0026441036488630354 4.6913478822291435 0.012404410053487951
перейти 0.0021152829190904283 4.672828834461906 0.009884355017370504
навигации 0.00026441036488630354 0 0.0
перейти 0.0021152829190904283 4.672828834461906 0.009884355017370504
поиску 0.00026441036488630354 0 0.0
год 0.006610259122157589 4.820281565605037 0.031863310190408764
текущие 0.005023796932839768 4.770684624465665 0.023966950783936448
события 0.009518773135906928 4.90527477843843 0.04669219778524153
служебная 0.0013220518244315177 4.6443908991413725 0.006140125461582989
текущие 0.005023796932839768 4.770684624465665 0.023966950783936448
события 0.009518773135906928 4.90527477843843 0.04669219778524153
страницы 0.003966155473294554 4.736198448394496 0.018784499398709003
январь 0.010047593865679535 4.919980925828125 0.04943397016961099
март 0.010047593865679535 4.919980925828125 0.04943397016961099
февраль 0.01110523532522475 4.948759890378168 0.054957143150682994
февраль 0.01110523532522475 4.948759890378168 0.054957143150682994
пн 0.00026441036488630354 0 0.0
ср 0.00026441036488630354 0 0.0
чт 0.00026441036488630354 0 0.0
вс 0.00026441036488630354 0 0.0
год 0.006610259122157589 4.820281565605037 0.031863310190408764
год 0.006610259122157589 4.820281565605037 0.031863310190408764
год 0.006610259122157589 4.820281565605037 0.031863310190408764
спорт 0.0021152829190904283 4.672828834461906 0.009884355017370504
год 0.006610259122157589 4.820281565605037 0.031863310190408764
год 0.006610259122157589 4.820281565605037 0.031863310190408764
тысяч 0.0013220518244315177 4.6443908991413725 0.006140125461582989
тысяч 0.0013220518244315177 4.6443908991413725 0.006140125461582989
события 0.009518773135906928 4.90527477843843 0.04669219778524153
события 0.009518773135906928 4.90527477843843 0.04669219778524153
представили 0.0005288207297726071 4.61512051684126 0.0024405713997045267
представили 0.0005288207297726071 4.61512051684126 0.0024405713997045267
события 0.009518773135906928 4.90527477843843 0.04669219778524153
события 0.009518773135906928 4.90527477843843 0.04669219778524153
события 0.009518773135906928 4.90527477843843 0.04669219778524153
события 0.009518773135906928 4.90527477843843 0.04669219778524153
май 0.010312004230565839 4.927253685157205 0.050809860846412216
май 0.010312004230565839 4.927253685157205 0.050809860846412216
события 0.009518773135906928 4.90527477843843 0.04669219778524153
события 0.009518773135906928 4.90527477843843 0.04669219778524153
просмотр 0.002379693283976732 4.68213122712422 0.011142036235885241
просмотр 0.002379693283976732 4.68213122712422 0.011142036235885241
обсуждение 0.003966155473294554 4.736198448394496 0.018784499398709003
обсуждение 0.003966155473294554 4.736198448394496 0.018784499398709003
обсуждение 0.003966155473294554 4.736198448394496 0.018784499398709003
служебная 0.0013220518244315177 4.6443908991413725 0.006140125461582989
править 0.002379693283976732 4.68213122712422 0.011142036235885241
править 0.002379693283976732 4.68213122712422 0.011142036235885241
февраль 0.01110523532522475 4.948759890378168 0.054957143150682994
список 0.002908514013749339 4.700480365792417 0.013671413015260862
недавно 0.0018508725542041248 4.663439094112067 0.008631431427494571
страница 0.007667900581702803 4.852030263919617 0.037204885683148836
отсутствует 0.005817028027498678 4.795790545596741 0.02789724801774942
версия 0.0026441036488630354 4.6913478822291435 0.012404410053487951
статьи 0.002379693283976732 4.68213122712422 0.011142036235885241
страница 0.007667900581702803 4.852030263919617 0.037204885683148836
отсутствует 0.005817028027498678 4.795790545596741 0.02789724801774942
версия 0.0026441036488630354 4.6913478822291435 0.012404410053487951
статьи 0.002379693283976732 4.68213122712422 0.011142036235885241
страница 0.007667900581702803 4.852030263919617 0.037204885683148836
отсутствует 0.005817028027498678 4.795790545596741 0.02789724801774942
версия 0.0026441036488630354 4.6913478822291435 0.012404410053487951
статьи 0.002379693283976732 4.68213122712422 0.011142036235885241
страница 0.007667900581702803 4.852030263919617 0.037204885683148836
отсутствует 0.005817028027498678 4.795790545596741 0.02789724801774942
версия 0.0026441036488630354 4.6913478822291435 0.012404410053487951
статьи 0.002379693283976732 4.68213122712422 0.011142036235885241
страница 0.007667900581702803 4.852030263919617 0.037204885683148836
отсутствует 0.005817028027498678 4.795790545596741 0.02789724801774942
версия 0.0026441036488630354 4.6913478822291435 0.012404410053487951
статьи 0.002379693283976732 4.68213122712422 0.011142036235885241
список 0.002908514013749339 4.700480365792417 0.013671413015260862
недавно 0.0018508725542041248 4.663439094112067 0.008631431427494571
просмотр 0.002379693283976732 4.68213122712422 0.011142036235885241
просмотр 0.002379693283976732 4.68213122712422 0.011142036235885241
обсуждение 0.003966155473294554 4.736198448394496 0.018784499398709003
список 0.002908514013749339 4.700480365792417 0.013671413015260862
недавно 0.0018508725542041248 4.663439094112067 0.008631431427494571
обсуждение 0.003966155473294554 4.736198448394496 0.018784499398709003
обсуждение 0.003966155473294554 4.736198448394496 0.018784499398709003
служебная 0.0013220518244315177 4.6443908991413725 0.006140125461582989
список 0.002908514013749339 4.700480365792417 0.013671413015260862
недавно 0.0018508725542041248 4.663439094112067 0.008631431427494571
править 0.002379693283976732 4.68213122712422 0.011142036235885241
править 0.002379693283976732 4.68213122712422 0.011142036235885241
категория 0.0013220518244315177 4.6443908991413725 0.006140125461582989
текущие 0.005023796932839768 4.770684624465665 0.023966950783936448
события 0.009518773135906928 4.90527477843843 0.04669219778524153
категория 0.0013220518244315177 4.6443908991413725 0.006140125461582989
текущие 0.005023796932839768 4.770684624465665 0.023966950783936448
события 0.009518773135906928 4.90527477843843 0.04669219778524153
категория 0.0013220518244315177 4.6443908991413725 0.006140125461582989
февраль 0.01110523532522475 4.948759890378168 0.054957143150682994
события 0.009518773135906928 4.90527477843843 0.04669219778524153
год 0.006610259122157589 4.820281565605037 0.031863310190408764
события 0.009518773135906928 4.90527477843843 0.04669219778524153
проект 0.0015864621893178213 4.653960350157523 0.007383332126109238
текущие 0.005023796932839768 4.770684624465665 0.023966950783936448
события 0.009518773135906928 4.90527477843843 0.04669219778524153
проект 0.0015864621893178213 4.653960350157523 0.007383332126109238
текущие 0.005023796932839768 4.770684624465665 0.023966950783936448
события 0.009518773135906928 4.90527477843843 0.04669219778524153
проект 0.0015864621893178213 4.653960350157523 0.007383332126109238
википедия 0.0031729243786356425 4.709530201312334 0.01494298318766473
к 0.00026441036488630354 0 0.0
проект 0.0015864621893178213 4.653960350157523 0.007383332126109238
википедия 0.0031729243786356425 4.709530201312334 0.01494298318766473
текущие 0.005023796932839768 4.770684624465665 0.023966950783936448
события 0.009518773135906928 4.90527477843843 0.04669219778524153
википедии 0.0026441036488630354 4.6913478822291435 0.012404410053487951
википедия 0.0031729243786356425 4.709530201312334 0.01494298318766473
события 0.009518773135906928 4.90527477843843 0.04669219778524153
текущие 0.005023796932839768 4.770684624465665 0.023966950783936448
события 0.009518773135906928 4.90527477843843 0.04669219778524153
странице 0.0013220518244315177 4.6443908991413725 0.006140125461582989
просмотр 0.002379693283976732 4.68213122712422 0.011142036235885241
страницы 0.003966155473294554 4.736198448394496 0.018784499398709003
просмотр 0.002379693283976732 4.68213122712422 0.011142036235885241
обсуждение 0.003966155473294554 4.736198448394496 0.018784499398709003
текущие 0.005023796932839768 4.770684624465665 0.023966950783936448
события 0.009518773135906928 4.90527477843843 0.04669219778524153
странице 0.0013220518244315177 4.6443908991413725 0.006140125461582989
обсуждение 0.003966155473294554 4.736198448394496 0.018784499398709003
обсуждение 0.003966155473294554 4.736198448394496 0.018784499398709003
правка 0.0007932310946589106 4.624972813284271 0.0036686722474491835
править 0.002379693283976732 4.68213122712422 0.011142036235885241
википедия 0.0031729243786356425 4.709530201312334 0.01494298318766473
текущие 0.005023796932839768 4.770684624465665 0.023966950783936448
события 0.009518773135906928 4.90527477843843 0.04669219778524153
список 0.002908514013749339 4.700480365792417 0.013671413015260862
недавно 0.0018508725542041248 4.663439094112067 0.008631431427494571
по 0.00026441036488630354 0 0.0
на 0.002908514013749339 4.700480365792417 0.013671413015260862
на 0.002908514013749339 4.700480365792417 0.013671413015260862
в 0.00978318350079323 4.912654885736052 0.0480614042232242
мире 0.0005288207297726071 4.61512051684126 0.0024405713997045267
на 0.002908514013749339 4.700480365792417 0.013671413015260862
на 0.002908514013749339 4.700480365792417 0.013671413015260862
на 0.002908514013749339 4.700480365792417 0.013671413015260862
в 0.00978318350079323 4.912654885736052 0.0480614042232242
заглавная 0.0005288207297726071 4.61512051684126 0.0024405713997045267
страница 0.007667900581702803 4.852030263919617 0.037204885683148836
февраль 0.01110523532522475 4.948759890378168 0.054957143150682994
список 0.002908514013749339 4.700480365792417 0.013671413015260862
недавно 0.0018508725542041248 4.663439094112067 0.008631431427494571
проект 0.0015864621893178213 4.653960350157523 0.007383332126109238
текущие 0.005023796932839768 4.770684624465665 0.023966950783936448
события 0.009518773135906928 4.90527477843843 0.04669219778524153
проект 0.0015864621893178213 4.653960350157523 0.007383332126109238
в 0.00978318350079323 4.912654885736052 0.0480614042232242
нам 0.00026441036488630354 0 0.0
события 0.009518773135906928 4.90527477843843 0.04669219778524153
текущие 0.005023796932839768 4.770684624465665 0.023966950783936448
события 0.009518773135906928 4.90527477843843 0.04669219778524153
просмотр 0.002379693283976732 4.68213122712422 0.011142036235885241
страницы 0.003966155473294554 4.736198448394496 0.018784499398709003
просмотр 0.002379693283976732 4.68213122712422 0.011142036235885241
обсуждение 0.003966155473294554 4.736198448394496 0.018784499398709003
текущие 0.005023796932839768 4.770684624465665 0.023966950783936448
события 0.009518773135906928 4.90527477843843 0.04669219778524153
обсуждение 0.003966155473294554 4.736198448394496 0.018784499398709003
страницы 0.003966155473294554 4.736198448394496 0.018784499398709003
обсуждение 0.003966155473294554 4.736198448394496 0.018784499398709003
правка 0.0007932310946589106 4.624972813284271 0.0036686722474491835
страницы 0.003966155473294554 4.736198448394496 0.018784499398709003
правка 0.0007932310946589106 4.624972813284271 0.0036686722474491835
страницы 0.003966155473294554 4.736198448394496 0.018784499398709003
править 0.002379693283976732 4.68213122712422 0.011142036235885241
запись 0.0007932310946589106 4.624972813284271 0.0036686722474491835
события 0.009518773135906928 4.90527477843843 0.04669219778524153
см 0.0007932310946589106 4.624972813284271 0.0036686722474491835
также 0.0007932310946589106 4.624972813284271 0.0036686722474491835
см 0.0007932310946589106 4.624972813284271 0.0036686722474491835
также 0.0007932310946589106 4.624972813284271 0.0036686722474491835
лучшим 0.00026441036488630354 0 0.0
иран 0.0005288207297726071 4.61512051684126 0.0024405713997045267
на 0.002908514013749339 4.700480365792417 0.013671413015260862
мест 0.00026441036488630354 0 0.0
в 0.00978318350079323 4.912654885736052 0.0480614042232242
спорт 0.0021152829190904283 4.672828834461906 0.009884355017370504
спорт 0.0021152829190904283 4.672828834461906 0.009884355017370504
в 0.00978318350079323 4.912654885736052 0.0480614042232242
в 0.00978318350079323 4.912654885736052 0.0480614042232242
с 0.00026441036488630354 0 0.0
в 0.00978318350079323 4.912654885736052 0.0480614042232242
спорт 0.0021152829190904283 4.672828834461906 0.009884355017370504
в 0.00978318350079323 4.912654885736052 0.0480614042232242
ближнем 0.00026441036488630354 0 0.0
востоке 0.00026441036488630354 0 0.0
в 0.00978318350079323 4.912654885736052 0.0480614042232242
иран 0.0005288207297726071 4.61512051684126 0.0024405713997045267
иране 0.0005288207297726071 4.61512051684126 0.0024405713997045267
на 0.002908514013749339 4.700480365792417 0.013671413015260862
в 0.00978318350079323 4.912654885736052 0.0480614042232242
в 0.00978318350079323 4.912654885736052 0.0480614042232242
дел 0.0005288207297726071 4.61512051684126 0.0024405713997045267
политик 0.00026441036488630354 0 0.0
спорт 0.0021152829190904283 4.672828834461906 0.009884355017370504
ди 0.0007932310946589106 4.624972813284271 0.0036686722474491835
ди 0.0007932310946589106 4.624972813284271 0.0036686722474491835
друг 0.00026441036488630354 0 0.0
в 0.00978318350079323 4.912654885736052 0.0480614042232242
в 0.00978318350079323 4.912654885736052 0.0480614042232242
в 0.00978318350079323 4.912654885736052 0.0480614042232242
страница 0.007667900581702803 4.852030263919617 0.037204885683148836
отсутствует 0.005817028027498678 4.795790545596741 0.02789724801774942
в 0.00978318350079323 4.912654885736052 0.0480614042232242
в 0.00978318350079323 4.912654885736052 0.0480614042232242
тыс 0.0005288207297726071 4.61512051684126 0.0024405713997045267
внутренних 0.00026441036488630354 0 0.0
дел 0.0005288207297726071 4.61512051684126 0.0024405713997045267
участников 0.0005288207297726071 4.61512051684126 0.0024405713997045267
тыс 0.0005288207297726071 4.61512051684126 0.0024405713997045267
в 0.00978318350079323 4.912654885736052 0.0480614042232242
части 0.0005288207297726071 4.61512051684126 0.0024405713997045267
в 0.00978318350079323 4.912654885736052 0.0480614042232242
в 0.00978318350079323 4.912654885736052 0.0480614042232242
указа 0.00026441036488630354 0 0.0
у 0.0005288207297726071 4.61512051684126 0.0024405713997045267
на 0.002908514013749339 4.700480365792417 0.013671413015260862
спорт 0.0021152829190904283 4.672828834461906 0.009884355017370504
в 0.00978318350079323 4.912654885736052 0.0480614042232242
в 0.00978318350079323 4.912654885736052 0.0480614042232242
в 0.00978318350079323 4.912654885736052 0.0480614042232242
работ 0.00026441036488630354 0 0.0
тысяч 0.0013220518244315177 4.6443908991413725 0.006140125461582989
в 0.00978318350079323 4.912654885736052 0.0480614042232242
в 0.00978318350079323 4.912654885736052 0.0480614042232242
спорт 0.0021152829190904283 4.672828834461906 0.009884355017370504
в 0.00978318350079323 4.912654885736052 0.0480614042232242
в 0.00978318350079323 4.912654885736052 0.0480614042232242
во 0.00026441036488630354 0 0.0
в 0.00978318350079323 4.912654885736052 0.0480614042232242
в 0.00978318350079323 4.912654885736052 0.0480614042232242
ещё 0.0005288207297726071 4.61512051684126 0.0024405713997045267
в 0.00978318350079323 4.912654885736052 0.0480614042232242
части 0.0005288207297726071 4.61512051684126 0.0024405713997045267
спорт 0.0021152829190904283 4.672828834461906 0.009884355017370504
в 0.00978318350079323 4.912654885736052 0.0480614042232242
все 0.00026441036488630354 0 0.0
в 0.00978318350079323 4.912654885736052 0.0480614042232242
иране 0.0005288207297726071 4.61512051684126 0.0024405713997045267
число 0.0005288207297726071 4.61512051684126 0.0024405713997045267
как 0.0005288207297726071 4.61512051684126 0.0024405713997045267
это 0.0010576414595452142 4.634728988229636 0.004901881531707706
в 0.00978318350079323 4.912654885736052 0.0480614042232242
на 0.002908514013749339 4.700480365792417 0.013671413015260862
в 0.00978318350079323 4.912654885736052 0.0480614042232242
ди 0.0007932310946589106 4.624972813284271 0.0036686722474491835
у 0.0005288207297726071 4.61512051684126 0.0024405713997045267
риа 0.0010576414595452142 4.634728988229636 0.004901881531707706
в 0.00978318350079323 4.912654885736052 0.0480614042232242
тысяч 0.0013220518244315177 4.6443908991413725 0.006140125461582989
при 0.00026441036488630354 0 0.0
что 0.00026441036488630354 0 0.0
указ 0.00026441036488630354 0 0.0
риа 0.0010576414595452142 4.634728988229636 0.004901881531707706
россия 0.00026441036488630354 0 0.0
участие 0.0005288207297726071 4.61512051684126 0.0024405713997045267
на 0.002908514013749339 4.700480365792417 0.013671413015260862
риа 0.0010576414595452142 4.634728988229636 0.004901881531707706
мир 0.00026441036488630354 0 0.0
в 0.00978318350079323 4.912654885736052 0.0480614042232242
в 0.00978318350079323 4.912654885736052 0.0480614042232242
тысяч 0.0013220518244315177 4.6443908991413725 0.006140125461582989
число 0.0005288207297726071 4.61512051684126 0.0024405713997045267
риа 0.0010576414595452142 4.634728988229636 0.004901881531707706
бе 0.00026441036488630354 0 0.0
в 0.00978318350079323 4.912654885736052 0.0480614042232242
события 0.009518773135906928 4.90527477843843 0.04669219778524153
перейти 0.0021152829190904283 4.672828834461906 0.009884355017370504
события 0.009518773135906928 4.90527477843843 0.04669219778524153
перейти 0.0021152829190904283 4.672828834461906 0.009884355017370504
события 0.009518773135906928 4.90527477843843 0.04669219778524153
события 0.009518773135906928 4.90527477843843 0.04669219778524153
год 0.006610259122157589 4.820281565605037 0.031863310190408764
январь 0.010047593865679535 4.919980925828125 0.04943397016961099
страница 0.007667900581702803 4.852030263919617 0.037204885683148836
отсутствует 0.005817028027498678 4.795790545596741 0.02789724801774942
январь 0.010047593865679535 4.919980925828125 0.04943397016961099
февраль 0.01110523532522475 4.948759890378168 0.054957143150682994
февраль 0.01110523532522475 4.948759890378168 0.054957143150682994
март 0.010047593865679535 4.919980925828125 0.04943397016961099
март 0.010047593865679535 4.919980925828125 0.04943397016961099
апрель 0.00978318350079323 4.912654885736052 0.0480614042232242
апрель 0.00978318350079323 4.912654885736052 0.0480614042232242
май 0.010312004230565839 4.927253685157205 0.050809860846412216
страница 0.007667900581702803 4.852030263919617 0.037204885683148836
отсутствует 0.005817028027498678 4.795790545596741 0.02789724801774942
май 0.010312004230565839 4.927253685157205 0.050809860846412216
июнь 0.00978318350079323 4.912654885736052 0.0480614042232242
страница 0.007667900581702803 4.852030263919617 0.037204885683148836
отсутствует 0.005817028027498678 4.795790545596741 0.02789724801774942
июнь 0.00978318350079323 4.912654885736052 0.0480614042232242
июль 0.00978318350079323 4.912654885736052 0.0480614042232242
страница 0.007667900581702803 4.852030263919617 0.037204885683148836
отсутствует 0.005817028027498678 4.795790545596741 0.02789724801774942
июль 0.00978318350079323 4.912654885736052 0.0480614042232242
август 0.00978318350079323 4.912654885736052 0.0480614042232242
страница 0.007667900581702803 4.852030263919617 0.037204885683148836
отсутствует 0.005817028027498678 4.795790545596741 0.02789724801774942
август 0.00978318350079323 4.912654885736052 0.0480614042232242
сентябрь 0.00978318350079323 4.912654885736052 0.0480614042232242
страница 0.007667900581702803 4.852030263919617 0.037204885683148836
отсутствует 0.005817028027498678 4.795790545596741 0.02789724801774942
сентябрь 0.00978318350079323 4.912654885736052 0.0480614042232242
октябрь 0.00978318350079323 4.912654885736052 0.0480614042232242
октябрь 0.00978318350079323 4.912654885736052 0.0480614042232242
ноябрь 0.00978318350079323 4.912654885736052 0.0480614042232242
ноябрь 0.00978318350079323 4.912654885736052 0.0480614042232242
декабрь 0.00978318350079323 4.912654885736052 0.0480614042232242
декабрь 0.00978318350079323 4.912654885736052 0.0480614042232242
год 0.006610259122157589 4.820281565605037 0.031863310190408764
январь 0.010047593865679535 4.919980925828125 0.04943397016961099
январь 0.010047593865679535 4.919980925828125 0.04943397016961099
февраль 0.01110523532522475 4.948759890378168 0.054957143150682994
февраль 0.01110523532522475 4.948759890378168 0.054957143150682994
март 0.010047593865679535 4.919980925828125 0.04943397016961099
март 0.010047593865679535 4.919980925828125 0.04943397016961099
апрель 0.00978318350079323 4.912654885736052 0.0480614042232242
апрель 0.00978318350079323 4.912654885736052 0.0480614042232242
май 0.010312004230565839 4.927253685157205 0.050809860846412216
май 0.010312004230565839 4.927253685157205 0.050809860846412216
июнь 0.00978318350079323 4.912654885736052 0.0480614042232242
июнь 0.00978318350079323 4.912654885736052 0.0480614042232242
июль 0.00978318350079323 4.912654885736052 0.0480614042232242
июль 0.00978318350079323 4.912654885736052 0.0480614042232242
август 0.00978318350079323 4.912654885736052 0.0480614042232242
август 0.00978318350079323 4.912654885736052 0.0480614042232242
сентябрь 0.00978318350079323 4.912654885736052 0.0480614042232242
сентябрь 0.00978318350079323 4.912654885736052 0.0480614042232242
октябрь 0.00978318350079323 4.912654885736052 0.0480614042232242
октябрь 0.00978318350079323 4.912654885736052 0.0480614042232242
ноябрь 0.00978318350079323 4.912654885736052 0.0480614042232242
ноябрь 0.00978318350079323 4.912654885736052 0.0480614042232242
декабрь 0.00978318350079323 4.912654885736052 0.0480614042232242
декабрь 0.00978318350079323 4.912654885736052 0.0480614042232242
год 0.006610259122157589 4.820281565605037 0.031863310190408764
январь 0.010047593865679535 4.919980925828125 0.04943397016961099
январь 0.010047593865679535 4.919980925828125 0.04943397016961099
февраль 0.01110523532522475 4.948759890378168 0.054957143150682994
февраль 0.01110523532522475 4.948759890378168 0.054957143150682994
март 0.010047593865679535 4.919980925828125 0.04943397016961099
март 0.010047593865679535 4.919980925828125 0.04943397016961099
апрель 0.00978318350079323 4.912654885736052 0.0480614042232242
апрель 0.00978318350079323 4.912654885736052 0.0480614042232242
май 0.010312004230565839 4.927253685157205 0.050809860846412216
май 0.010312004230565839 4.927253685157205 0.050809860846412216
июнь 0.00978318350079323 4.912654885736052 0.0480614042232242
июнь 0.00978318350079323 4.912654885736052 0.0480614042232242
июль 0.00978318350079323 4.912654885736052 0.0480614042232242
июль 0.00978318350079323 4.912654885736052 0.0480614042232242
август 0.00978318350079323 4.912654885736052 0.0480614042232242
август 0.00978318350079323 4.912654885736052 0.0480614042232242
сентябрь 0.00978318350079323 4.912654885736052 0.0480614042232242
сентябрь 0.00978318350079323 4.912654885736052 0.0480614042232242
октябрь 0.00978318350079323 4.912654885736052 0.0480614042232242
октябрь 0.00978318350079323 4.912654885736052 0.0480614042232242
ноябрь 0.00978318350079323 4.912654885736052 0.0480614042232242
ноябрь 0.00978318350079323 4.912654885736052 0.0480614042232242
декабрь 0.00978318350079323 4.912654885736052 0.0480614042232242
декабрь 0.00978318350079323 4.912654885736052 0.0480614042232242
год 0.006610259122157589 4.820281565605037 0.031863310190408764
январь 0.010047593865679535 4.919980925828125 0.04943397016961099
январь 0.010047593865679535 4.919980925828125 0.04943397016961099
февраль 0.01110523532522475 4.948759890378168 0.054957143150682994
февраль 0.01110523532522475 4.948759890378168 0.054957143150682994
март 0.010047593865679535 4.919980925828125 0.04943397016961099
март 0.010047593865679535 4.919980925828125 0.04943397016961099
апрель 0.00978318350079323 4.912654885736052 0.0480614042232242
апрель 0.00978318350079323 4.912654885736052 0.0480614042232242
май 0.010312004230565839 4.927253685157205 0.050809860846412216
май 0.010312004230565839 4.927253685157205 0.050809860846412216
июнь 0.00978318350079323 4.912654885736052 0.0480614042232242
июнь 0.00978318350079323 4.912654885736052 0.0480614042232242
июль 0.00978318350079323 4.912654885736052 0.0480614042232242
июль 0.00978318350079323 4.912654885736052 0.0480614042232242
август 0.00978318350079323 4.912654885736052 0.0480614042232242
август 0.00978318350079323 4.912654885736052 0.0480614042232242
сентябрь 0.00978318350079323 4.912654885736052 0.0480614042232242
сентябрь 0.00978318350079323 4.912654885736052 0.0480614042232242
октябрь 0.00978318350079323 4.912654885736052 0.0480614042232242
октябрь 0.00978318350079323 4.912654885736052 0.0480614042232242
ноябрь 0.00978318350079323 4.912654885736052 0.0480614042232242
ноябрь 0.00978318350079323 4.912654885736052 0.0480614042232242
декабрь 0.00978318350079323 4.912654885736052 0.0480614042232242
декабрь 0.00978318350079323 4.912654885736052 0.0480614042232242
год 0.006610259122157589 4.820281565605037 0.031863310190408764
январь 0.010047593865679535 4.919980925828125 0.04943397016961099
январь 0.010047593865679535 4.919980925828125 0.04943397016961099
февраль 0.01110523532522475 4.948759890378168 0.054957143150682994
февраль 0.01110523532522475 4.948759890378168 0.054957143150682994
март 0.010047593865679535 4.919980925828125 0.04943397016961099
март 0.010047593865679535 4.919980925828125 0.04943397016961099
апрель 0.00978318350079323 4.912654885736052 0.0480614042232242
апрель 0.00978318350079323 4.912654885736052 0.0480614042232242
май 0.010312004230565839 4.927253685157205 0.050809860846412216
май 0.010312004230565839 4.927253685157205 0.050809860846412216
июнь 0.00978318350079323 4.912654885736052 0.0480614042232242
июнь 0.00978318350079323 4.912654885736052 0.0480614042232242
июль 0.00978318350079323 4.912654885736052 0.0480614042232242
июль 0.00978318350079323 4.912654885736052 0.0480614042232242
август 0.00978318350079323 4.912654885736052 0.0480614042232242
август 0.00978318350079323 4.912654885736052 0.0480614042232242
сентябрь 0.00978318350079323 4.912654885736052 0.0480614042232242
сентябрь 0.00978318350079323 4.912654885736052 0.0480614042232242
октябрь 0.00978318350079323 4.912654885736052 0.0480614042232242
октябрь 0.00978318350079323 4.912654885736052 0.0480614042232242
ноябрь 0.00978318350079323 4.912654885736052 0.0480614042232242
ноябрь 0.00978318350079323 4.912654885736052 0.0480614042232242
декабрь 0.00978318350079323 4.912654885736052 0.0480614042232242
декабрь 0.00978318350079323 4.912654885736052 0.0480614042232242
год 0.006610259122157589 4.820281565605037 0.031863310190408764
январь 0.010047593865679535 4.919980925828125 0.04943397016961099
январь 0.010047593865679535 4.919980925828125 0.04943397016961099
февраль 0.01110523532522475 4.948759890378168 0.054957143150682994
февраль 0.01110523532522475 4.948759890378168 0.054957143150682994
март 0.010047593865679535 4.919980925828125 0.04943397016961099
март 0.010047593865679535 4.919980925828125 0.04943397016961099
апрель 0.00978318350079323 4.912654885736052 0.0480614042232242
апрель 0.00978318350079323 4.912654885736052 0.0480614042232242
май 0.010312004230565839 4.927253685157205 0.050809860846412216
май 0.010312004230565839 4.927253685157205 0.050809860846412216
июнь 0.00978318350079323 4.912654885736052 0.0480614042232242
июнь 0.00978318350079323 4.912654885736052 0.0480614042232242
июль 0.00978318350079323 4.912654885736052 0.0480614042232242
июль 0.00978318350079323 4.912654885736052 0.0480614042232242
август 0.00978318350079323 4.912654885736052 0.0480614042232242
август 0.00978318350079323 4.912654885736052 0.0480614042232242
сентябрь 0.00978318350079323 4.912654885736052 0.0480614042232242
сентябрь 0.00978318350079323 4.912654885736052 0.0480614042232242
октябрь 0.00978318350079323 4.912654885736052 0.0480614042232242
октябрь 0.00978318350079323 4.912654885736052 0.0480614042232242
ноябрь 0.00978318350079323 4.912654885736052 0.0480614042232242
ноябрь 0.00978318350079323 4.912654885736052 0.0480614042232242
декабрь 0.00978318350079323 4.912654885736052 0.0480614042232242
декабрь 0.00978318350079323 4.912654885736052 0.0480614042232242
год 0.006610259122157589 4.820281565605037 0.031863310190408764
январь 0.010047593865679535 4.919980925828125 0.04943397016961099
январь 0.010047593865679535 4.919980925828125 0.04943397016961099
февраль 0.01110523532522475 4.948759890378168 0.054957143150682994
февраль 0.01110523532522475 4.948759890378168 0.054957143150682994
март 0.010047593865679535 4.919980925828125 0.04943397016961099
март 0.010047593865679535 4.919980925828125 0.04943397016961099
апрель 0.00978318350079323 4.912654885736052 0.0480614042232242
апрель 0.00978318350079323 4.912654885736052 0.0480614042232242
май 0.010312004230565839 4.927253685157205 0.050809860846412216
май 0.010312004230565839 4.927253685157205 0.050809860846412216
июнь 0.00978318350079323 4.912654885736052 0.0480614042232242
июнь 0.00978318350079323 4.912654885736052 0.0480614042232242
июль 0.00978318350079323 4.912654885736052 0.0480614042232242
июль 0.00978318350079323 4.912654885736052 0.0480614042232242
август 0.00978318350079323 4.912654885736052 0.0480614042232242
август 0.00978318350079323 4.912654885736052 0.0480614042232242
сентябрь 0.00978318350079323 4.912654885736052 0.0480614042232242
сентябрь 0.00978318350079323 4.912654885736052 0.0480614042232242
октябрь 0.00978318350079323 4.912654885736052 0.0480614042232242
октябрь 0.00978318350079323 4.912654885736052 0.0480614042232242
ноябрь 0.00978318350079323 4.912654885736052 0.0480614042232242
ноябрь 0.00978318350079323 4.912654885736052 0.0480614042232242
декабрь 0.00978318350079323 4.912654885736052 0.0480614042232242
декабрь 0.00978318350079323 4.912654885736052 0.0480614042232242
год 0.006610259122157589 4.820281565605037 0.031863310190408764
январь 0.010047593865679535 4.919980925828125 0.04943397016961099
январь 0.010047593865679535 4.919980925828125 0.04943397016961099
февраль 0.01110523532522475 4.948759890378168 0.054957143150682994
февраль 0.01110523532522475 4.948759890378168 0.054957143150682994
март 0.010047593865679535 4.919980925828125 0.04943397016961099
март 0.010047593865679535 4.919980925828125 0.04943397016961099
апрель 0.00978318350079323 4.912654885736052 0.0480614042232242
апрель 0.00978318350079323 4.912654885736052 0.0480614042232242
май 0.010312004230565839 4.927253685157205 0.050809860846412216
май 0.010312004230565839 4.927253685157205 0.050809860846412216
июнь 0.00978318350079323 4.912654885736052 0.0480614042232242
июнь 0.00978318350079323 4.912654885736052 0.0480614042232242
июль 0.00978318350079323 4.912654885736052 0.0480614042232242
июль 0.00978318350079323 4.912654885736052 0.0480614042232242
август 0.00978318350079323 4.912654885736052 0.0480614042232242
август 0.00978318350079323 4.912654885736052 0.0480614042232242
сентябрь 0.00978318350079323 4.912654885736052 0.0480614042232242
сентябрь 0.00978318350079323 4.912654885736052 0.0480614042232242
октябрь 0.00978318350079323 4.912654885736052 0.0480614042232242
октябрь 0.00978318350079323 4.912654885736052 0.0480614042232242
ноябрь 0.00978318350079323 4.912654885736052 0.0480614042232242
ноябрь 0.00978318350079323 4.912654885736052 0.0480614042232242
декабрь 0.00978318350079323 4.912654885736052 0.0480614042232242
декабрь 0.00978318350079323 4.912654885736052 0.0480614042232242
год 0.006610259122157589 4.820281565605037 0.031863310190408764
январь 0.010047593865679535 4.919980925828125 0.04943397016961099
январь 0.010047593865679535 4.919980925828125 0.04943397016961099
февраль 0.01110523532522475 4.948759890378168 0.054957143150682994
февраль 0.01110523532522475 4.948759890378168 0.054957143150682994
март 0.010047593865679535 4.919980925828125 0.04943397016961099
март 0.010047593865679535 4.919980925828125 0.04943397016961099
апрель 0.00978318350079323 4.912654885736052 0.0480614042232242
апрель 0.00978318350079323 4.912654885736052 0.0480614042232242
май 0.010312004230565839 4.927253685157205 0.050809860846412216
май 0.010312004230565839 4.927253685157205 0.050809860846412216
июнь 0.00978318350079323 4.912654885736052 0.0480614042232242
июнь 0.00978318350079323 4.912654885736052 0.0480614042232242
июль 0.00978318350079323 4.912654885736052 0.0480614042232242
июль 0.00978318350079323 4.912654885736052 0.0480614042232242
август 0.00978318350079323 4.912654885736052 0.0480614042232242
август 0.00978318350079323 4.912654885736052 0.0480614042232242
сентябрь 0.00978318350079323 4.912654885736052 0.0480614042232242
сентябрь 0.00978318350079323 4.912654885736052 0.0480614042232242
октябрь 0.00978318350079323 4.912654885736052 0.0480614042232242
октябрь 0.00978318350079323 4.912654885736052 0.0480614042232242
ноябрь 0.00978318350079323 4.912654885736052 0.0480614042232242
ноябрь 0.00978318350079323 4.912654885736052 0.0480614042232242
декабрь 0.00978318350079323 4.912654885736052 0.0480614042232242
декабрь 0.00978318350079323 4.912654885736052 0.0480614042232242
год 0.006610259122157589 4.820281565605037 0.031863310190408764
январь 0.010047593865679535 4.919980925828125 0.04943397016961099
январь 0.010047593865679535 4.919980925828125 0.04943397016961099
февраль 0.01110523532522475 4.948759890378168 0.054957143150682994
февраль 0.01110523532522475 4.948759890378168 0.054957143150682994
март 0.010047593865679535 4.919980925828125 0.04943397016961099
март 0.010047593865679535 4.919980925828125 0.04943397016961099
апрель 0.00978318350079323 4.912654885736052 0.0480614042232242
апрель 0.00978318350079323 4.912654885736052 0.0480614042232242
май 0.010312004230565839 4.927253685157205 0.050809860846412216
май 0.010312004230565839 4.927253685157205 0.050809860846412216
июнь 0.00978318350079323 4.912654885736052 0.0480614042232242
июнь 0.00978318350079323 4.912654885736052 0.0480614042232242
июль 0.00978318350079323 4.912654885736052 0.0480614042232242
июль 0.00978318350079323 4.912654885736052 0.0480614042232242
август 0.00978318350079323 4.912654885736052 0.0480614042232242
август 0.00978318350079323 4.912654885736052 0.0480614042232242
сентябрь 0.00978318350079323 4.912654885736052 0.0480614042232242
сентябрь 0.00978318350079323 4.912654885736052 0.0480614042232242
октябрь 0.00978318350079323 4.912654885736052 0.0480614042232242
октябрь 0.00978318350079323 4.912654885736052 0.0480614042232242
ноябрь 0.00978318350079323 4.912654885736052 0.0480614042232242
ноябрь 0.00978318350079323 4.912654885736052 0.0480614042232242
декабрь 0.00978318350079323 4.912654885736052 0.0480614042232242
декабрь 0.00978318350079323 4.912654885736052 0.0480614042232242
год 0.006610259122157589 4.820281565605037 0.031863310190408764
январь 0.010047593865679535 4.919980925828125 0.04943397016961099
январь 0.010047593865679535 4.919980925828125 0.04943397016961099
февраль 0.01110523532522475 4.948759890378168 0.054957143150682994
февраль 0.01110523532522475 4.948759890378168 0.054957143150682994
март 0.010047593865679535 4.919980925828125 0.04943397016961099
март 0.010047593865679535 4.919980925828125 0.04943397016961099
апрель 0.00978318350079323 4.912654885736052 0.0480614042232242
апрель 0.00978318350079323 4.912654885736052 0.0480614042232242
май 0.010312004230565839 4.927253685157205 0.050809860846412216
май 0.010312004230565839 4.927253685157205 0.050809860846412216
июнь 0.00978318350079323 4.912654885736052 0.0480614042232242
июнь 0.00978318350079323 4.912654885736052 0.0480614042232242
июль 0.00978318350079323 4.912654885736052 0.0480614042232242
июль 0.00978318350079323 4.912654885736052 0.0480614042232242
август 0.00978318350079323 4.912654885736052 0.0480614042232242
август 0.00978318350079323 4.912654885736052 0.0480614042232242
сентябрь 0.00978318350079323 4.912654885736052 0.0480614042232242
сентябрь 0.00978318350079323 4.912654885736052 0.0480614042232242
октябрь 0.00978318350079323 4.912654885736052 0.0480614042232242
октябрь 0.00978318350079323 4.912654885736052 0.0480614042232242
ноябрь 0.00978318350079323 4.912654885736052 0.0480614042232242
ноябрь 0.00978318350079323 4.912654885736052 0.0480614042232242
декабрь 0.00978318350079323 4.912654885736052 0.0480614042232242
декабрь 0.00978318350079323 4.912654885736052 0.0480614042232242
год 0.006610259122157589 4.820281565605037 0.031863310190408764
январь 0.010047593865679535 4.919980925828125 0.04943397016961099
январь 0.010047593865679535 4.919980925828125 0.04943397016961099
февраль 0.01110523532522475 4.948759890378168 0.054957143150682994
февраль 0.01110523532522475 4.948759890378168 0.054957143150682994
март 0.010047593865679535 4.919980925828125 0.04943397016961099
март 0.010047593865679535 4.919980925828125 0.04943397016961099
апрель 0.00978318350079323 4.912654885736052 0.0480614042232242
апрель 0.00978318350079323 4.912654885736052 0.0480614042232242
май 0.010312004230565839 4.927253685157205 0.050809860846412216
май 0.010312004230565839 4.927253685157205 0.050809860846412216
июнь 0.00978318350079323 4.912654885736052 0.0480614042232242
июнь 0.00978318350079323 4.912654885736052 0.0480614042232242
июль 0.00978318350079323 4.912654885736052 0.0480614042232242
июль 0.00978318350079323 4.912654885736052 0.0480614042232242
август 0.00978318350079323 4.912654885736052 0.0480614042232242
август 0.00978318350079323 4.912654885736052 0.0480614042232242
сентябрь 0.00978318350079323 4.912654885736052 0.0480614042232242
сентябрь 0.00978318350079323 4.912654885736052 0.0480614042232242
октябрь 0.00978318350079323 4.912654885736052 0.0480614042232242
октябрь 0.00978318350079323 4.912654885736052 0.0480614042232242
ноябрь 0.00978318350079323 4.912654885736052 0.0480614042232242
ноябрь 0.00978318350079323 4.912654885736052 0.0480614042232242
декабрь 0.00978318350079323 4.912654885736052 0.0480614042232242
декабрь 0.00978318350079323 4.912654885736052 0.0480614042232242
год 0.006610259122157589 4.820281565605037 0.031863310190408764
январь 0.010047593865679535 4.919980925828125 0.04943397016961099
январь 0.010047593865679535 4.919980925828125 0.04943397016961099
февраль 0.01110523532522475 4.948759890378168 0.054957143150682994
февраль 0.01110523532522475 4.948759890378168 0.054957143150682994
март 0.010047593865679535 4.919980925828125 0.04943397016961099
март 0.010047593865679535 4.919980925828125 0.04943397016961099
апрель 0.00978318350079323 4.912654885736052 0.0480614042232242
апрель 0.00978318350079323 4.912654885736052 0.0480614042232242
май 0.010312004230565839 4.927253685157205 0.050809860846412216
май 0.010312004230565839 4.927253685157205 0.050809860846412216
июнь 0.00978318350079323 4.912654885736052 0.0480614042232242
июнь 0.00978318350079323 4.912654885736052 0.0480614042232242
июль 0.00978318350079323 4.912654885736052 0.0480614042232242
июль 0.00978318350079323 4.912654885736052 0.0480614042232242
август 0.00978318350079323 4.912654885736052 0.0480614042232242
август 0.00978318350079323 4.912654885736052 0.0480614042232242
сентябрь 0.00978318350079323 4.912654885736052 0.0480614042232242
сентябрь 0.00978318350079323 4.912654885736052 0.0480614042232242
октябрь 0.00978318350079323 4.912654885736052 0.0480614042232242
октябрь 0.00978318350079323 4.912654885736052 0.0480614042232242
ноябрь 0.00978318350079323 4.912654885736052 0.0480614042232242
ноябрь 0.00978318350079323 4.912654885736052 0.0480614042232242
декабрь 0.00978318350079323 4.912654885736052 0.0480614042232242
декабрь 0.00978318350079323 4.912654885736052 0.0480614042232242
год 0.006610259122157589 4.820281565605037 0.031863310190408764
январь 0.010047593865679535 4.919980925828125 0.04943397016961099
январь 0.010047593865679535 4.919980925828125 0.04943397016961099
февраль 0.01110523532522475 4.948759890378168 0.054957143150682994
февраль 0.01110523532522475 4.948759890378168 0.054957143150682994
март 0.010047593865679535 4.919980925828125 0.04943397016961099
март 0.010047593865679535 4.919980925828125 0.04943397016961099
апрель 0.00978318350079323 4.912654885736052 0.0480614042232242
апрель 0.00978318350079323 4.912654885736052 0.0480614042232242
май 0.010312004230565839 4.927253685157205 0.050809860846412216
май 0.010312004230565839 4.927253685157205 0.050809860846412216
июнь 0.00978318350079323 4.912654885736052 0.0480614042232242
июнь 0.00978318350079323 4.912654885736052 0.0480614042232242
июль 0.00978318350079323 4.912654885736052 0.0480614042232242
июль 0.00978318350079323 4.912654885736052 0.0480614042232242
август 0.00978318350079323 4.912654885736052 0.0480614042232242
август 0.00978318350079323 4.912654885736052 0.0480614042232242
сентябрь 0.00978318350079323 4.912654885736052 0.0480614042232242
сентябрь 0.00978318350079323 4.912654885736052 0.0480614042232242
октябрь 0.00978318350079323 4.912654885736052 0.0480614042232242
октябрь 0.00978318350079323 4.912654885736052 0.0480614042232242
ноябрь 0.00978318350079323 4.912654885736052 0.0480614042232242
ноябрь 0.00978318350079323 4.912654885736052 0.0480614042232242
декабрь 0.00978318350079323 4.912654885736052 0.0480614042232242
декабрь 0.00978318350079323 4.912654885736052 0.0480614042232242
год 0.006610259122157589 4.820281565605037 0.031863310190408764
январь 0.010047593865679535 4.919980925828125 0.04943397016961099
январь 0.010047593865679535 4.919980925828125 0.04943397016961099
февраль 0.01110523532522475 4.948759890378168 0.054957143150682994
февраль 0.01110523532522475 4.948759890378168 0.054957143150682994
март 0.010047593865679535 4.919980925828125 0.04943397016961099
март 0.010047593865679535 4.919980925828125 0.04943397016961099
апрель 0.00978318350079323 4.912654885736052 0.0480614042232242
апрель 0.00978318350079323 4.912654885736052 0.0480614042232242
май 0.010312004230565839 4.927253685157205 0.050809860846412216
май 0.010312004230565839 4.927253685157205 0.050809860846412216
июнь 0.00978318350079323 4.912654885736052 0.0480614042232242
июнь 0.00978318350079323 4.912654885736052 0.0480614042232242
июль 0.00978318350079323 4.912654885736052 0.0480614042232242
июль 0.00978318350079323 4.912654885736052 0.0480614042232242
август 0.00978318350079323 4.912654885736052 0.0480614042232242
август 0.00978318350079323 4.912654885736052 0.0480614042232242
сентябрь 0.00978318350079323 4.912654885736052 0.0480614042232242
сентябрь 0.00978318350079323 4.912654885736052 0.0480614042232242
октябрь 0.00978318350079323 4.912654885736052 0.0480614042232242
октябрь 0.00978318350079323 4.912654885736052 0.0480614042232242
ноябрь 0.00978318350079323 4.912654885736052 0.0480614042232242
ноябрь 0.00978318350079323 4.912654885736052 0.0480614042232242
декабрь 0.00978318350079323 4.912654885736052 0.0480614042232242
декабрь 0.00978318350079323 4.912654885736052 0.0480614042232242
год 0.006610259122157589 4.820281565605037 0.031863310190408764
январь 0.010047593865679535 4.919980925828125 0.04943397016961099
январь 0.010047593865679535 4.919980925828125 0.04943397016961099
февраль 0.01110523532522475 4.948759890378168 0.054957143150682994
февраль 0.01110523532522475 4.948759890378168 0.054957143150682994
март 0.010047593865679535 4.919980925828125 0.04943397016961099
март 0.010047593865679535 4.919980925828125 0.04943397016961099
апрель 0.00978318350079323 4.912654885736052 0.0480614042232242
апрель 0.00978318350079323 4.912654885736052 0.0480614042232242
май 0.010312004230565839 4.927253685157205 0.050809860846412216
май 0.010312004230565839 4.927253685157205 0.050809860846412216
июнь 0.00978318350079323 4.912654885736052 0.0480614042232242
июнь 0.00978318350079323 4.912654885736052 0.0480614042232242
июль 0.00978318350079323 4.912654885736052 0.0480614042232242
июль 0.00978318350079323 4.912654885736052 0.0480614042232242
август 0.00978318350079323 4.912654885736052 0.0480614042232242
август 0.00978318350079323 4.912654885736052 0.0480614042232242
сентябрь 0.00978318350079323 4.912654885736052 0.0480614042232242
сентябрь 0.00978318350079323 4.912654885736052 0.0480614042232242
октябрь 0.00978318350079323 4.912654885736052 0.0480614042232242
октябрь 0.00978318350079323 4.912654885736052 0.0480614042232242
ноябрь 0.00978318350079323 4.912654885736052 0.0480614042232242
ноябрь 0.00978318350079323 4.912654885736052 0.0480614042232242
декабрь 0.00978318350079323 4.912654885736052 0.0480614042232242
декабрь 0.00978318350079323 4.912654885736052 0.0480614042232242
год 0.006610259122157589 4.820281565605037 0.031863310190408764
январь 0.010047593865679535 4.919980925828125 0.04943397016961099
январь 0.010047593865679535 4.919980925828125 0.04943397016961099
февраль 0.01110523532522475 4.948759890378168 0.054957143150682994
февраль 0.01110523532522475 4.948759890378168 0.054957143150682994
март 0.010047593865679535 4.919980925828125 0.04943397016961099
март 0.010047593865679535 4.919980925828125 0.04943397016961099
апрель 0.00978318350079323 4.912654885736052 0.0480614042232242
апрель 0.00978318350079323 4.912654885736052 0.0480614042232242
май 0.010312004230565839 4.927253685157205 0.050809860846412216
май 0.010312004230565839 4.927253685157205 0.050809860846412216
июнь 0.00978318350079323 4.912654885736052 0.0480614042232242
июнь 0.00978318350079323 4.912654885736052 0.0480614042232242
июль 0.00978318350079323 4.912654885736052 0.0480614042232242
июль 0.00978318350079323 4.912654885736052 0.0480614042232242
август 0.00978318350079323 4.912654885736052 0.0480614042232242
август 0.00978318350079323 4.912654885736052 0.0480614042232242
сентябрь 0.00978318350079323 4.912654885736052 0.0480614042232242
сентябрь 0.00978318350079323 4.912654885736052 0.0480614042232242
октябрь 0.00978318350079323 4.912654885736052 0.0480614042232242
октябрь 0.00978318350079323 4.912654885736052 0.0480614042232242
ноябрь 0.00978318350079323 4.912654885736052 0.0480614042232242
ноябрь 0.00978318350079323 4.912654885736052 0.0480614042232242
декабрь 0.00978318350079323 4.912654885736052 0.0480614042232242
декабрь 0.00978318350079323 4.912654885736052 0.0480614042232242
год 0.006610259122157589 4.820281565605037 0.031863310190408764
январь 0.010047593865679535 4.919980925828125 0.04943397016961099
январь 0.010047593865679535 4.919980925828125 0.04943397016961099
февраль 0.01110523532522475 4.948759890378168 0.054957143150682994
февраль 0.01110523532522475 4.948759890378168 0.054957143150682994
март 0.010047593865679535 4.919980925828125 0.04943397016961099
страница 0.007667900581702803 4.852030263919617 0.037204885683148836
отсутствует 0.005817028027498678 4.795790545596741 0.02789724801774942
март 0.010047593865679535 4.919980925828125 0.04943397016961099
апрель 0.00978318350079323 4.912654885736052 0.0480614042232242
страница 0.007667900581702803 4.852030263919617 0.037204885683148836
отсутствует 0.005817028027498678 4.795790545596741 0.02789724801774942
апрель 0.00978318350079323 4.912654885736052 0.0480614042232242
май 0.010312004230565839 4.927253685157205 0.050809860846412216
страница 0.007667900581702803 4.852030263919617 0.037204885683148836
отсутствует 0.005817028027498678 4.795790545596741 0.02789724801774942
май 0.010312004230565839 4.927253685157205 0.050809860846412216
июнь 0.00978318350079323 4.912654885736052 0.0480614042232242
страница 0.007667900581702803 4.852030263919617 0.037204885683148836
отсутствует 0.005817028027498678 4.795790545596741 0.02789724801774942
июнь 0.00978318350079323 4.912654885736052 0.0480614042232242
июль 0.00978318350079323 4.912654885736052 0.0480614042232242
страница 0.007667900581702803 4.852030263919617 0.037204885683148836
отсутствует 0.005817028027498678 4.795790545596741 0.02789724801774942
июль 0.00978318350079323 4.912654885736052 0.0480614042232242
август 0.00978318350079323 4.912654885736052 0.0480614042232242
страница 0.007667900581702803 4.852030263919617 0.037204885683148836
отсутствует 0.005817028027498678 4.795790545596741 0.02789724801774942
август 0.00978318350079323 4.912654885736052 0.0480614042232242
сентябрь 0.00978318350079323 4.912654885736052 0.0480614042232242
страница 0.007667900581702803 4.852030263919617 0.037204885683148836
отсутствует 0.005817028027498678 4.795790545596741 0.02789724801774942
сентябрь 0.00978318350079323 4.912654885736052 0.0480614042232242
октябрь 0.00978318350079323 4.912654885736052 0.0480614042232242
страница 0.007667900581702803 4.852030263919617 0.037204885683148836
отсутствует 0.005817028027498678 4.795790545596741 0.02789724801774942
октябрь 0.00978318350079323 4.912654885736052 0.0480614042232242
ноябрь 0.00978318350079323 4.912654885736052 0.0480614042232242
страница 0.007667900581702803 4.852030263919617 0.037204885683148836
отсутствует 0.005817028027498678 4.795790545596741 0.02789724801774942
ноябрь 0.00978318350079323 4.912654885736052 0.0480614042232242
декабрь 0.00978318350079323 4.912654885736052 0.0480614042232242
страница 0.007667900581702803 4.852030263919617 0.037204885683148836
отсутствует 0.005817028027498678 4.795790545596741 0.02789724801774942
декабрь 0.00978318350079323 4.912654885736052 0.0480614042232242
источник 0.00026441036488630354 0 0.0
служебная 0.0013220518244315177 4.6443908991413725 0.006140125461582989
категории 0.0005288207297726071 4.61512051684126 0.0024405713997045267
категории 0.0005288207297726071 4.61512051684126 0.0024405713997045267
категория 0.0013220518244315177 4.6443908991413725 0.006140125461582989
категория 0.0013220518244315177 4.6443908991413725 0.006140125461582989
википедия 0.0031729243786356425 4.709530201312334 0.01494298318766473
содержание 0.0010576414595452142 4.634728988229636 0.004901881531707706
википедии 0.0026441036488630354 4.6913478822291435 0.012404410053487951
википедия 0.0031729243786356425 4.709530201312334 0.01494298318766473
содержание 0.0010576414595452142 4.634728988229636 0.004901881531707706
википедии 0.0026441036488630354 4.6913478822291435 0.012404410053487951
навигация 0.0005288207297726071 4.61512051684126 0.0024405713997045267
персональные 0.00026441036488630354 0 0.0
инструменты 0.0005288207297726071 4.61512051684126 0.0024405713997045267
страница 0.007667900581702803 4.852030263919617 0.037204885683148836
участника 0.00026441036488630354 0 0.0
моего 0.0005288207297726071 4.61512051684126 0.0024405713997045267
вы 0.0005288207297726071 4.61512051684126 0.0024405713997045267
представились 0.00026441036488630354 0 0.0
системе 0.0005288207297726071 4.61512051684126 0.0024405713997045267
страница 0.007667900581702803 4.852030263919617 0.037204885683148836
обсуждений 0.00026441036488630354 0 0.0
моего 0.0005288207297726071 4.61512051684126 0.0024405713997045267
обсуждение 0.003966155473294554 4.736198448394496 0.018784499398709003
список 0.002908514013749339 4.700480365792417 0.013671413015260862
правок 0.00026441036488630354 0 0.0
сделанных 0.00026441036488630354 0 0.0
вклад 0.00026441036488630354 0 0.0
мы 0.00026441036488630354 0 0.0
предлагаем 0.00026441036488630354 0 0.0
создать 0.0010576414595452142 4.634728988229636 0.004901881531707706
учётную 0.0005288207297726071 4.61512051684126 0.0024405713997045267
запись 0.0007932310946589106 4.624972813284271 0.0036686722474491835
войти 0.0005288207297726071 4.61512051684126 0.0024405713997045267
систему 0.00026441036488630354 0 0.0
хотя 0.00026441036488630354 0 0.0
это 0.0010576414595452142 4.634728988229636 0.004901881531707706
обязательно 0.00026441036488630354 0 0.0
создать 0.0010576414595452142 4.634728988229636 0.004901881531707706
учётную 0.0005288207297726071 4.61512051684126 0.0024405713997045267
запись 0.0007932310946589106 4.624972813284271 0.0036686722474491835
здесь 0.00026441036488630354 0 0.0
зарегистрироваться 0.00026441036488630354 0 0.0
системе 0.0005288207297726071 4.61512051684126 0.0024405713997045267
это 0.0010576414595452142 4.634728988229636 0.004901881531707706
необязательно 0.00026441036488630354 0 0.0
войти 0.0005288207297726071 4.61512051684126 0.0024405713997045267
пространства 0.00026441036488630354 0 0.0
имён 0.00026441036488630354 0 0.0
обсуждение 0.003966155473294554 4.736198448394496 0.018784499398709003
страницы 0.003966155473294554 4.736198448394496 0.018784499398709003
обсуждение 0.003966155473294554 4.736198448394496 0.018784499398709003
изменить 0.00026441036488630354 0 0.0
вариант 0.00026441036488630354 0 0.0
языка 0.00026441036488630354 0 0.0
русский 0.0005288207297726071 4.61512051684126 0.0024405713997045267
просмотры 0.00026441036488630354 0 0.0
страница 0.007667900581702803 4.852030263919617 0.037204885683148836
изменений 0.0007932310946589106 4.624972813284271 0.0036686722474491835
вы 0.0005288207297726071 4.61512051684126 0.0024405713997045267
посмотреть 0.0005288207297726071 4.61512051684126 0.0024405713997045267
текст 0.0007932310946589106 4.624972813284271 0.0036686722474491835
просмотр 0.002379693283976732 4.68213122712422 0.011142036235885241
изменений 0.0007932310946589106 4.624972813284271 0.0036686722474491835
страницы 0.003966155473294554 4.736198448394496 0.018784499398709003
больше 0.00026441036488630354 0 0.0
возможностей 0.00026441036488630354 0 0.0
ещё 0.0005288207297726071 4.61512051684126 0.0024405713997045267
искать 0.0007932310946589106 4.624972813284271 0.0036686722474491835
википедии 0.0026441036488630354 4.6913478822291435 0.012404410053487951
искать 0.0007932310946589106 4.624972813284271 0.0036686722474491835
википедии 0.0026441036488630354 4.6913478822291435 0.012404410053487951
искать 0.0007932310946589106 4.624972813284271 0.0036686722474491835
википедии 0.0026441036488630354 4.6913478822291435 0.012404410053487951
служебная 0.0013220518244315177 4.6443908991413725 0.006140125461582989
поиск 0.00026441036488630354 0 0.0
найти 0.0005288207297726071 4.61512051684126 0.0024405713997045267
страницы 0.003966155473294554 4.736198448394496 0.018784499398709003
содержащие 0.00026441036488630354 0 0.0
указанный 0.00026441036488630354 0 0.0
текст 0.0007932310946589106 4.624972813284271 0.0036686722474491835
найти 0.0005288207297726071 4.61512051684126 0.0024405713997045267
перейти 0.0021152829190904283 4.672828834461906 0.009884355017370504
странице 0.0013220518244315177 4.6443908991413725 0.006140125461582989
имеющей 0.00026441036488630354 0 0.0
точности 0.00026441036488630354 0 0.0
такое 0.00026441036488630354 0 0.0
название 0.00026441036488630354 0 0.0
перейти 0.0021152829190904283 4.672828834461906 0.009884355017370504
перейти 0.0021152829190904283 4.672828834461906 0.009884355017370504
заглавную 0.0005288207297726071 4.61512051684126 0.0024405713997045267
страницу 0.0010576414595452142 4.634728988229636 0.004901881531707706
навигация 0.0005288207297726071 4.61512051684126 0.0024405713997045267
перейти 0.0021152829190904283 4.672828834461906 0.009884355017370504
заглавную 0.0005288207297726071 4.61512051684126 0.0024405713997045267
страницу 0.0010576414595452142 4.634728988229636 0.004901881531707706
заглавная 0.0005288207297726071 4.61512051684126 0.0024405713997045267
страница 0.007667900581702803 4.852030263919617 0.037204885683148836
содержание 0.0010576414595452142 4.634728988229636 0.004901881531707706
статьи 0.002379693283976732 4.68213122712422 0.011142036235885241
считающиеся 0.00026441036488630354 0 0.0
лучшими 0.00026441036488630354 0 0.0
статьями 0.00026441036488630354 0 0.0
проекта 0.00026441036488630354 0 0.0
избранные 0.00026441036488630354 0 0.0
статьи 0.002379693283976732 4.68213122712422 0.011142036235885241
посмотреть 0.0005288207297726071 4.61512051684126 0.0024405713997045267
случайно 0.00026441036488630354 0 0.0
выбранную 0.00026441036488630354 0 0.0
страницу 0.0010576414595452142 4.634728988229636 0.004901881531707706
случайная 0.00026441036488630354 0 0.0
статья 0.00026441036488630354 0 0.0
статьи 0.002379693283976732 4.68213122712422 0.011142036235885241
текущих 0.00026441036488630354 0 0.0
событиях 0.00026441036488630354 0 0.0
мире 0.0005288207297726071 4.61512051684126 0.0024405713997045267
текущие 0.005023796932839768 4.770684624465665 0.023966950783936448
события 0.009518773135906928 4.90527477843843 0.04669219778524153
поддержите 0.00026441036488630354 0 0.0
пожертвовать 0.00026441036488630354 0 0.0
участие 0.0005288207297726071 4.61512051684126 0.0024405713997045267
сообщить 0.0005288207297726071 4.61512051684126 0.0024405713997045267
ошибке 0.0005288207297726071 4.61512051684126 0.0024405713997045267
статье 0.00026441036488630354 0 0.0
сообщить 0.0005288207297726071 4.61512051684126 0.0024405713997045267
ошибке 0.0005288207297726071 4.61512051684126 0.0024405713997045267
как 0.0005288207297726071 4.61512051684126 0.0024405713997045267
править 0.002379693283976732 4.68213122712422 0.011142036235885241
статьи 0.002379693283976732 4.68213122712422 0.011142036235885241
о 0.00026441036488630354 0 0.0
проекте 0.00026441036488630354 0 0.0
заниматься 0.00026441036488630354 0 0.0
также 0.0007932310946589106 4.624972813284271 0.0036686722474491835
находится 0.00026441036488630354 0 0.0
сообщество 0.00026441036488630354 0 0.0
форум 0.0005288207297726071 4.61512051684126 0.0024405713997045267
участников 0.0005288207297726071 4.61512051684126 0.0024405713997045267
википедии 0.0026441036488630354 4.6913478822291435 0.012404410053487951
форум 0.0005288207297726071 4.61512051684126 0.0024405713997045267
список 0.002908514013749339 4.700480365792417 0.013671413015260862
последних 0.00026441036488630354 0 0.0
изменений 0.0007932310946589106 4.624972813284271 0.0036686722474491835
свежие 0.00026441036488630354 0 0.0
правки 0.0005288207297726071 4.61512051684126 0.0024405713997045267
список 0.002908514013749339 4.700480365792417 0.013671413015260862
недавно 0.0018508725542041248 4.663439094112067 0.008631431427494571
созданных 0.00026441036488630354 0 0.0
страниц 0.0007932310946589106 4.624972813284271 0.0036686722474491835
новые 0.00026441036488630354 0 0.0
страницы 0.003966155473294554 4.736198448394496 0.018784499398709003
место 0.00026441036488630354 0 0.0
расположения 0.00026441036488630354 0 0.0
справки 0.00026441036488630354 0 0.0
справка 0.00026441036488630354 0 0.0
инструменты 0.0005288207297726071 4.61512051684126 0.0024405713997045267
список 0.002908514013749339 4.700480365792417 0.013671413015260862
страниц 0.0007932310946589106 4.624972813284271 0.0036686722474491835
страница 0.007667900581702803 4.852030263919617 0.037204885683148836
правки 0.0005288207297726071 4.61512051684126 0.0024405713997045267
список 0.002908514013749339 4.700480365792417 0.013671413015260862
служебных 0.00026441036488630354 0 0.0
страниц 0.0007932310946589106 4.624972813284271 0.0036686722474491835
служебные 0.00026441036488630354 0 0.0
страницы 0.003966155473294554 4.736198448394496 0.018784499398709003
страницы 0.003966155473294554 4.736198448394496 0.018784499398709003
странице 0.0013220518244315177 4.6443908991413725 0.006140125461582989
странице 0.0013220518244315177 4.6443908991413725 0.006140125461582989
данных 0.00026441036488630354 0 0.0
создать 0.0010576414595452142 4.634728988229636 0.004901881531707706
создать 0.0010576414595452142 4.634728988229636 0.004901881531707706
страницу 0.0010576414595452142 4.634728988229636 0.004901881531707706
версия 0.0026441036488630354 4.6913478822291435 0.012404410053487951
страницы 0.003966155473294554 4.736198448394496 0.018784499398709003
печати 0.0005288207297726071 4.61512051684126 0.0024405713997045267
версия 0.0026441036488630354 4.6913478822291435 0.012404410053487951
печати 0.0005288207297726071 4.61512051684126 0.0024405713997045267
на 0.002908514013749339 4.700480365792417 0.013671413015260862
других 0.00026441036488630354 0 0.0
языках 0.00026441036488630354 0 0.0
википедия 0.0031729243786356425 4.709530201312334 0.01494298318766473
белорусский 0.00026441036488630354 0 0.0
ков 0.00026441036488630354 0 0.0
википеди 0.0005288207297726071 4.61512051684126 0.0024405713997045267
сан 0.00026441036488630354 0 0.0
текущие 0.005023796932839768 4.770684624465665 0.023966950783936448
события 0.009518773135906928 4.90527477843843 0.04669219778524153
википеди 0.0005288207297726071 4.61512051684126 0.0024405713997045267
украинский 0.00026441036488630354 0 0.0
ву 0.00026441036488630354 0 0.0
править 0.002379693283976732 4.68213122712422 0.011142036235885241
править 0.002379693283976732 4.68213122712422 0.011142036235885241
страница 0.007667900581702803 4.852030263919617 0.037204885683148836
текст 0.0007932310946589106 4.624972813284271 0.0036686722474491835
см 0.0007932310946589106 4.624972813284271 0.0036686722474491835
политика 0.00026441036488630354 0 0.0
конфиденциальности 0.00026441036488630354 0 0.0
описание 0.00026441036488630354 0 0.0
википедии 0.0026441036488630354 4.6913478822291435 0.012404410053487951
отказ 0.00026441036488630354 0 0.0
ответственности 0.00026441036488630354 0 0.0
контакты 0.00026441036488630354 0 0.0
свяжитесь 0.00026441036488630354 0 0.0
нами 0.00026441036488630354 0 0.0
мобильная 0.00026441036488630354 0 0.0
версия 0.0026441036488630354 4.6913478822291435 0.012404410053487951
разработчики 0.00026441036488630354 0 0.0
статистика 0.00026441036488630354 0 0.0
заявление 0.00026441036488630354 0 0.0
куки 0.00026441036488630354 0 0.0
