портал 0.01984469370146678 4.700480365792417 0.09327959310890904
текущий 0.0181190681622088 5.298317366548036 0.0960005735094985
событие 0.03364969801553063 5.298317366548036 0.17828677937478293
википедия 0.01898188093183779 5.298317366548036 0.10057202939090319
январь 0.03278688524590164 5.298317366548036 0.17371532349337826
февраль 0.14322691975841242 5.298317366548036 0.7588616763131786
март 0.03364969801553063 5.298317366548036 0.17828677937478293
апрель 0.03192407247627265 5.298317366548036 0.16914386761197356
май 0.03364969801553063 5.298317366548036 0.17828677937478293
июнь 0.03192407247627265 5.298317366548036 0.16914386761197356
июль 0.03192407247627265 5.298317366548036 0.16914386761197356
август 0.03192407247627265 5.298317366548036 0.16914386761197356
сентябрь 0.03192407247627265 5.298317366548036 0.16914386761197356
октябрь 0.03192407247627265 5.298317366548036 0.16914386761197356
ноябрь 0.03882657463330457 5.298317366548036 0.20571551466321106
декабрь 0.03192407247627265 5.298317366548036 0.16914386761197356
содержание 0.003451251078515962 5.298317366548036 0.018285823525618763
русский 0.0025884383088869713 5.298317366548036 0.01371436764421407
материал 0.0008628127696289905 5.2832037287379885 0.004558415641706634
свободный 0.0008628127696289905 5.2832037287379885 0.004558415641706634
энциклопедия 0.0008628127696289905 5.2832037287379885 0.004558415641706634
страница 0.04918032786885246 5.298317366548036 0.26057298524006733
версия 0.009490940465918895 5.298317366548036 0.050286014695451596
это 0.003451251078515962 5.298317366548036 0.018285823525618763
перейти 0.006902502157031924 5.298317366548036 0.03657164705123753
навигация 0.0025884383088869713 5.298317366548036 0.01371436764421407
поиск 0.001725625539257981 5.298317366548036 0.009142911762809382
сейчас 0.0008628127696289905 4.624972813284271 0.003990485602488586
время 0.0025884383088869713 4.736198448394496 0.012259357502315346
дата 0.03192407247627265 5.056245805348308 0.16141595754778895
год 0.2286453839516825 5.187385805840755 1.1860718192819673
служебный 0.0060396893874029335 5.298317366548036 0.03200019116983283
календарь 0.0008628127696289905 4.812184355372417 0.004152014111624173
месяц 0.008628127696289905 4.6443908991413725 0.040072397749278454
пн 0.0008628127696289905 4.700480365792417 0.004055634482996046
вт 0.0008628127696289905 4.969813299576001 0.004288018377546161
сравнить 0.0008628127696289905 5.081404364984463 0.004384300573757087
чт 0.0008628127696289905 5.298317366548036 0.004571455881404691
пятница 0.0008628127696289905 4.624972813284271 0.003990485602488586
пт 0.0008628127696289905 4.7535901911063645 0.004101458318469685
сб 0.0008628127696289905 4.736198448394496 0.0040864525007717825
вс 0.0008628127696289905 5.298317366548036 0.004571455881404691
технология 0.0008628127696289905 4.61512051684126 0.0039819849153073855
кино 0.001725625539257981 4.820281565605037 0.008318000976022498
область 0.0060396893874029335 4.6913478822291435 0.028334284016914586
семь 0.003451251078515962 4.709530201312334 0.01625377118658269
доза 0.001725625539257981 4.624972813284271 0.007980971204977172
суд 0.004314063848144953 4.718498871295094 0.02035590539816693
представить 0.001725625539257981 5.298317366548036 0.009142911762809382
кристи 0.001725625539257981 4.653960350157523 0.008030992838925837
музыкант 0.001725625539257981 4.61512051684126 0.007963969830614771
мост 0.001725625539257981 4.820281565605037 0.008318000976022498
умереть 0.001725625539257981 4.663439094112067 0.008047349601573887
группа 0.001725625539257981 4.624972813284271 0.007980971204977172
сергей 0.001725625539257981 4.672828834461906 0.00806355277732857
шаблон 0.01898188093183779 5.278114659230517 0.10018854400610126
просмотр 0.008628127696289905 5.298317366548036 0.04571455881404691
обсуждение 0.013805004314063849 5.298317366548036 0.07314329410247505
править 0.007765314926660914 5.298317366548036 0.041143102932642214
список 0.009490940465918895 5.298317366548036 0.050286014695451596
недавно 0.0060396893874029335 5.298317366548036 0.03200019116983283
отсутствовать 0.01898188093183779 5.181783550292085 0.09835999836620006
английский 0.006902502157031924 5.181783550292085 0.03576727213316366
язык 0.03537532355478861 5.298317366548036 0.1874296911375923
александрович 0.001725625539257981 4.634728988229636 0.007997806709628363
кузьмин 0.001725625539257981 4.61512051684126 0.007963969830614771
евгений 0.001725625539257981 4.624972813284271 0.007980971204977172
иванович 0.003451251078515962 4.6443908991413725 0.01602895909971138
николай 0.001725625539257981 4.634728988229636 0.007997806709628363
байкал 0.001725625539257981 4.61512051684126 0.007963969830614771
григорьев 0.001725625539257981 4.634728988229636 0.007997806709628363
анатолий 0.001725625539257981 4.624972813284271 0.007980971204977172
физиолог 0.0008628127696289905 4.624972813284271 0.003990485602488586
другой 0.001725625539257981 5.298317366548036 0.009142911762809382
ссылка 0.0060396893874029335 5.293304824724492 0.03196991697417726
категория 0.0060396893874029335 5.293304824724492 0.03196991697417726
проект 0.006902502157031924 5.298317366548036 0.03657164705123753
перевод 0.001725625539257981 4.8283137373023015 0.008331861496639002
запрос 0.001725625539257981 4.663439094112067 0.008047349601573887
стать 0.011216566005176877 5.278114659230517 0.05920232145815075
к 0.0008628127696289905 5.298317366548036 0.004571455881404691
история 0.006902502157031924 5.288267030694535 0.03650227458632984
планета 0.0008628127696289905 4.61512051684126 0.0039819849153073855
правка 0.005176876617773943 5.298317366548036 0.02742873528842814
кандидат 0.0008628127696289905 4.6443908991413725 0.004007239774927845
россия 0.008628127696289905 4.8283137373023015 0.04165930748319501
мир 0.03364969801553063 5.298317366548036 0.17828677937478293
по 0.0008628127696289905 5.298317366548036 0.004571455881404691
мера 0.0025884383088869713 4.653960350157523 0.012046489258388755
человек 0.0181190681622088 4.762173934797756 0.08628615412489464
крушение 0.005176876617773943 4.61512051684126 0.02389190949184431
лодка 0.0025884383088869713 4.61512051684126 0.011945954745922156
италия 0.0060396893874029335 4.663439094112067 0.028165723605508602
приз 0.001725625539257981 4.653960350157523 0.008030992838925837
на 0.009490940465918895 5.298317366548036 0.050286014695451596
отметить 0.0008628127696289905 4.634728988229636 0.003998903354814181
фильм 0.009490940465918895 4.718498871295094 0.044782991875967244
филипп 0.001725625539257981 4.653960350157523 0.008030992838925837
больший 0.001725625539257981 4.634728988229636 0.007997806709628363
в 0.03278688524590164 5.298317366548036 0.17371532349337826
землетрясение 0.010353753235547885 4.624972813284271 0.04788582722986302
территория 0.001725625539257981 4.6443908991413725 0.00801447954985569
перемена 0.001725625539257981 4.634728988229636 0.007997806709628363
эдвард 0.001725625539257981 4.624972813284271 0.007980971204977172
батлер 0.001725625539257981 4.624972813284271 0.007980971204977172
тара 0.001725625539257981 4.948759890378168 0.008539706454492094
илл 0.0008628127696289905 4.74493212836325 0.004093988031374677
бё 0.003451251078515962 4.6443908991413725 0.01602895909971138
нападение 0.001725625539257981 4.624972813284271 0.007980971204977172
мы 0.0025884383088869713 5.298317366548036 0.01371436764421407
последний 0.003451251078515962 5.298317366548036 0.018285823525618763
запись 0.0025884383088869713 5.298317366548036 0.01371436764421407
смотреть 0.0025884383088869713 5.298317366548036 0.01371436764421407
также 0.0025884383088869713 5.298317366548036 0.01371436764421407
лента 0.001725625539257981 4.61512051684126 0.007963969830614771
месси 0.0025884383088869713 4.61512051684126 0.011945954745922156
лионель 0.001725625539257981 4.61512051684126 0.007963969830614771
признать 0.001725625539257981 4.624972813284271 0.007980971204977172
фифа 0.0025884383088869713 4.61512051684126 0.011945954745922156
футбол 0.001725625539257981 4.6443908991413725 0.00801447954985569
иран 0.003451251078515962 4.672828834461906 0.01612710555465714
иранский 0.001725625539257981 4.61512051684126 0.007963969830614771
несколько 0.001725625539257981 4.663439094112067 0.008047349601573887
место 0.001725625539257981 5.298317366548036 0.009142911762809382
остров 0.001725625539257981 4.61512051684126 0.007963969830614771
красный 0.001725625539257981 4.61512051684126 0.007963969830614771
финал 0.010353753235547885 4.634728988229636 0.04798684025777017
кубок 0.005176876617773943 4.61512051684126 0.02389190949184431
лига 0.01898188093183779 4.663439094112067 0.08852084561731274
манчестер 0.0060396893874029335 4.61512051684126 0.027873894407151698
юнайтед 0.007765314926660914 4.61512051684126 0.03583786423776647
мяч 0.001725625539257981 4.624972813284271 0.007980971204977172
золото 0.001725625539257981 4.663439094112067 0.008047349601573887
российский 0.003451251078515962 4.709530201312334 0.01625377118658269
теннисист 0.0008628127696289905 4.61512051684126 0.0039819849153073855
турнир 0.003451251078515962 4.61512051684126 0.015927939661229542
среди 0.0008628127696289905 4.812184355372417 0.004152014111624173
день 0.0008628127696289905 4.727387818712341 0.004078850576973547
леса 0.0008628127696289905 4.672828834461906 0.004031776388664285
менее 0.0025884383088869713 4.700480365792417 0.012166903448988135
с 0.0008628127696289905 5.298317366548036 0.004571455881404691
космический 0.0008628127696289905 4.61512051684126 0.0039819849153073855
станция 0.0008628127696289905 4.624972813284271 0.003990485602488586
союз 0.004314063848144953 4.6443908991413725 0.020036198874639227
китай 0.004314063848144953 4.770684624465665 0.020581038069308305
алек 0.0008628127696289905 4.912654885736052 0.004238701368193315
нба 0.005176876617773943 4.624972813284271 0.02394291361493151
второй 0.0025884383088869713 4.700480365792417 0.012166903448988135
матч 0.007765314926660914 4.61512051684126 0.03583786423776647
крюгер 0.0025884383088869713 4.61512051684126 0.011945954745922156
впервые 0.007765314926660914 4.672828834461906 0.03628598749797856
хансный 0.0025884383088869713 4.61512051684126 0.011945954745922156
сезон 0.0025884383088869713 4.61512051684126 0.011945954745922156
конференция 0.001725625539257981 4.61512051684126 0.007963969830614771
век 0.001725625539257981 4.969813299576001 0.008576036755092322
израиль 0.007765314926660914 4.6443908991413725 0.03606515797435061
министр 0.0025884383088869713 4.672828834461906 0.012095329165992853
мексика 0.0025884383088869713 4.6443908991413725 0.012021719324783534
балл 0.001725625539257981 4.61512051684126 0.007963969830614771
рф 0.001725625539257981 4.709530201312334 0.008126885593291345
оман 0.0025884383088869713 4.7535901911063645 0.012304374955409052
дело 0.001725625539257981 5.298317366548036 0.009142911762809382
эли 0.001725625539257981 4.663439094112067 0.008047349601573887
политик 0.0008628127696289905 5.298317366548036 0.004571455881404691
назвать 0.0008628127696289905 4.61512051684126 0.0039819849153073855
клуб 0.0060396893874029335 4.663439094112067 0.028165723605508602
европа 0.011216566005176877 4.634728988229636 0.05198574361258436
уефа 0.008628127696289905 4.61512051684126 0.03981984915307386
ди 0.0025884383088869713 5.298317366548036 0.01371436764421407
мария 0.0025884383088869713 4.736198448394496 0.012259357502315346
ворота 0.001725625539257981 4.61512051684126 0.007963969830614771
байер 0.0025884383088869713 4.61512051684126 0.011945954745922156
друг 0.001725625539257981 5.298317366548036 0.009142911762809382
бостон 0.001725625539257981 4.61512051684126 0.007963969830614771
селтикс 0.0025884383088869713 4.61512051684126 0.011945954745922156
рот 0.001725625539257981 4.77912349311153 0.008246977554981069
военный 0.0025884383088869713 4.61512051684126 0.011945954745922156
владимир 0.003451251078515962 4.762173934797756 0.01643545792855136
владимирович 0.0008628127696289905 4.61512051684126 0.0039819849153073855
данные 0.001725625539257981 5.298317366548036 0.009142911762809382
министерство 0.0008628127696289905 4.61512051684126 0.0039819849153073855
вести 0.001725625539257981 4.68213122712422 0.008079605223682864
часть 0.001725625539257981 5.298317366548036 0.009142911762809382
мочь 0.0025884383088869713 5.288267030694535 0.013688352969873687
рельс 0.001725625539257981 4.61512051684126 0.007963969830614771
сойти 0.001725625539257981 4.61512051684126 0.007963969830614771
новый 0.0025884383088869713 5.298317366548036 0.01371436764421407
действие 0.0008628127696289905 4.624972813284271 0.003990485602488586
указ 0.001725625539257981 5.298317366548036 0.009142911762809382
послание 0.0008628127696289905 4.61512051684126 0.0039819849153073855
у 0.001725625539257981 5.298317366548036 0.009142911762809382
море 0.001725625539257981 4.6443908991413725 0.00801447954985569
везти 0.0008628127696289905 4.653960350157523 0.004015496419462919
реал 0.001725625539257981 4.663439094112067 0.008047349601573887
курский 0.001725625539257981 4.61512051684126 0.007963969830614771
лондон 0.001725625539257981 4.624972813284271 0.007980971204977172
звезда 0.0025884383088869713 4.6443908991413725 0.012021719324783534
сборная 0.0008628127696289905 4.61512051684126 0.0039819849153073855
ночной 0.001725625539257981 4.61512051684126 0.007963969830614771
ещё 0.001725625539257981 5.298317366548036 0.009142911762809382
район 0.0008628127696289905 4.68213122712422 0.004039802611841432
финский 0.001725625539257981 4.927253685157205 0.008502594797510277
хоккейный 0.0025884383088869713 4.61512051684126 0.011945954745922156
шведский 0.001725625539257981 4.912654885736052 0.00847740273638663
всё 0.0008628127696289905 5.298317366548036 0.004571455881404691
как 0.001725625539257981 5.298317366548036 0.009142911762809382
война 0.0008628127696289905 4.624972813284271 0.003990485602488586
норв 0.0008628127696289905 4.9344739331306915 0.00425752712090655
падение 0.0008628127696289905 4.624972813284271 0.003990485602488586
самый 0.0008628127696289905 4.663439094112067 0.004023674800786943
юг 0.0008628127696289905 4.61512051684126 0.0039819849153073855
англ 0.0008628127696289905 5.19295685089021 0.004480549483080423
два 0.0008628127696289905 4.6913478822291435 0.0040477548595592265
риа 0.003451251078515962 5.298317366548036 0.018285823525618763
при 0.0008628127696289905 5.236441962829949 0.004518068992950776
вода 0.0008628127696289905 4.624972813284271 0.003990485602488586
сша 0.0025884383088869713 4.74493212836325 0.012281964094124029
что 0.0008628127696289905 5.298317366548036 0.004571455881404691
вы 0.0025884383088869713 5.298317366548036 0.01371436764421407
бразилия 0.0008628127696289905 4.61512051684126 0.0039819849153073855
бе 0.0008628127696289905 5.204006687076795 0.004490083422844517
эй 0.0008628127696289905 4.68213122712422 0.004039802611841432
джей 0.0008628127696289905 4.634728988229636 0.003998903354814181
хоккеист 0.0008628127696289905 4.61512051684126 0.0039819849153073855
источник 0.0008628127696289905 5.298317366548036 0.004571455881404691
персональный 0.0008628127696289905 5.298317366548036 0.004571455881404691
инструмент 0.001725625539257981 5.298317366548036 0.009142911762809382
мой 0.001725625539257981 5.298317366548036 0.009142911762809382
представиться 0.0008628127696289905 5.298317366548036 0.004571455881404691
система 0.0025884383088869713 5.298317366548036 0.01371436764421407
вклад 0.0008628127696289905 5.298317366548036 0.004571455881404691
предлагать 0.0008628127696289905 5.298317366548036 0.004571455881404691
создать 0.004314063848144953 5.298317366548036 0.022857279407023454
учётный 0.001725625539257981 5.298317366548036 0.009142911762809382
войти 0.001725625539257981 5.298317366548036 0.009142911762809382
хотя 0.0008628127696289905 5.298317366548036 0.004571455881404691
обязательно 0.0008628127696289905 5.298317366548036 0.004571455881404691
здесь 0.0008628127696289905 5.298317366548036 0.004571455881404691
зарегистрироваться 0.0008628127696289905 5.298317366548036 0.004571455881404691
необязательно 0.0008628127696289905 5.298317366548036 0.004571455881404691
имя 0.0008628127696289905 5.298317366548036 0.004571455881404691
основной 0.0008628127696289905 5.288267030694535 0.00456278432329123
изменить 0.0008628127696289905 5.298317366548036 0.004571455881404691
вариант 0.0008628127696289905 5.298317366548036 0.004571455881404691
читать 0.0008628127696289905 5.2832037287379885 0.004558415641706634
этот 0.0025884383088869713 5.278114659230517 0.013662074182650173
защитить 0.0008628127696289905 4.718498871295094 0.004071181079633386
изменение 0.003451251078515962 5.298317366548036 0.018285823525618763
посмотреть 0.001725625539257981 5.298317366548036 0.009142911762809382
её 0.0008628127696289905 4.875197323201151 0.0042063825049190266
исходный 0.0008628127696289905 4.718498871295094 0.004071181079633386
текст 0.0025884383088869713 5.298317366548036 0.01371436764421407
код 0.0008628127696289905 4.718498871295094 0.004071181079633386
журнал 0.0008628127696289905 5.293304824724492 0.004567130996311037
большой 0.0008628127696289905 5.298317366548036 0.004571455881404691
искать 0.0025884383088869713 5.298317366548036 0.01371436764421407
найти 0.001725625539257981 5.298317366548036 0.009142911762809382
содержать 0.0008628127696289905 5.298317366548036 0.004571455881404691
указанный 0.0008628127696289905 5.298317366548036 0.004571455881404691
точность 0.0008628127696289905 5.298317366548036 0.004571455881404691
такой 0.0008628127696289905 5.298317366548036 0.004571455881404691
название 0.0008628127696289905 5.298317366548036 0.004571455881404691
считаться 0.0008628127696289905 5.298317366548036 0.004571455881404691
избранный 0.0008628127696289905 5.298317366548036 0.004571455881404691
случайно 0.0008628127696289905 5.298317366548036 0.004571455881404691
выбрать 0.0008628127696289905 5.298317366548036 0.004571455881404691
случайный 0.0008628127696289905 5.298317366548036 0.004571455881404691
поддержать 0.0008628127696289905 5.298317366548036 0.004571455881404691
пожертвовать 0.0008628127696289905 5.298317366548036 0.004571455881404691
ошибка 0.001725625539257981 5.298317366548036 0.009142911762809382
о 0.0008628127696289905 5.298317366548036 0.004571455881404691
заниматься 0.0008628127696289905 5.298317366548036 0.004571455881404691
сообщество 0.0008628127696289905 5.298317366548036 0.004571455881404691
форум 0.001725625539257981 5.298317366548036 0.009142911762809382
свежий 0.0008628127696289905 5.298317366548036 0.004571455881404691
расположение 0.0008628127696289905 5.298317366548036 0.004571455881404691
справка 0.001725625539257981 5.298317366548036 0.009142911762809382
ссылаться 0.001725625539257981 5.2832037287379885 0.009116831283413267
данный 0.0008628127696289905 5.288267030694535 0.00456278432329123
сюда 0.0008628127696289905 5.288267030694535 0.00456278432329123
связанный 0.001725625539257981 5.278114659230517 0.009108049455100116
постоянный 0.001725625539257981 5.278114659230517 0.009108049455100116
подробный 0.001725625539257981 5.2832037287379885 0.009116831283413267
сведение 0.0008628127696289905 5.2832037287379885 0.004558415641706634
элемент 0.001725625539257981 5.2832037287379885 0.009116831283413267
репозиторий 0.0008628127696289905 5.278114659230517 0.004554024727550058
викидать 0.0008628127696289905 5.2832037287379885 0.004558415641706634
книга 0.001725625539257981 5.278114659230517 0.009108049455100116
коллекция 0.0008628127696289905 5.278114659230517 0.004554024727550058
скачать 0.001725625539257981 5.278114659230517 0.009108049455100116
файл 0.0008628127696289905 5.288267030694535 0.00456278432329123
печать 0.001725625539257981 5.298317366548036 0.009142911762809382
староанглийский 0.0008628127696289905 4.653960350157523 0.004015496419462919
ассамский 0.0008628127696289905 4.6443908991413725 0.004007239774927845
аварский 0.0008628127696289905 4.624972813284271 0.003990485602488586
авар 0.0008628127696289905 4.653960350157523 0.004015496419462919
азербайджанский 0.0008628127696289905 4.787491742782046 0.0041307090101657
башкирский 0.0008628127696289905 4.672828834461906 0.004031776388664285
башҡортс 0.0008628127696289905 4.663439094112067 0.004023674800786943
белорусский 0.0008628127696289905 4.927253685157205 0.0042512973987551385
беларускать 0.0008628127696289905 4.709530201312334 0.004063442796645673
каталанский 0.0008628127696289905 4.709530201312334 0.004063442796645673
ковы 0.0008628127696289905 5.298317366548036 0.004571455881404691
чеченский 0.0008628127696289905 4.663439094112067 0.004023674800786943
нохчийна 0.0008628127696289905 4.663439094112067 0.004023674800786943
себуано 0.0008628127696289905 4.663439094112067 0.004023674800786943
сорань 0.0008628127696289905 4.653960350157523 0.004015496419462919
чешский 0.0008628127696289905 4.919980925828125 0.0042450223691355695
википести 0.001725625539257981 5.298317366548036 0.009142911762809382
чувашский 0.0008628127696289905 4.663439094112067 0.004023674800786943
чӑваидти 0.0008628127696289905 4.653960350157523 0.004015496419462919
датский 0.0008628127696289905 4.762173934797756 0.00410886448213784
греческий 0.0008628127696289905 5.003946305945459 0.004317468771307557
эсперанто 0.0008628127696289905 4.6913478822291435 0.0040477548595592265
баскский 0.0008628127696289905 4.653960350157523 0.004015496419462919
персидский 0.0008628127696289905 4.762173934797756 0.00410886448213784
ганя 0.0008628127696289905 4.634728988229636 0.003998903354814181
мэнский 0.0008628127696289905 4.61512051684126 0.0039819849153073855
хакка 0.0008628127696289905 4.634728988229636 0.003998903354814181
хинди 0.0008628127696289905 4.663439094112067 0.004023674800786943
хорватский 0.0008628127696289905 4.762173934797756 0.00410886448213784
армянский 0.0008628127696289905 4.795790545596741 0.004137869323206852
интерлингва 0.0008628127696289905 4.6443908991413725 0.004007239774927845
индонезийский 0.0008628127696289905 4.672828834461906 0.004031776388664285
исландский 0.0008628127696289905 4.700480365792417 0.004055634482996046
японский 0.0008628127696289905 4.852030263919617 0.004186393670336167
казахский 0.0008628127696289905 4.663439094112067 0.004023674800786943
кхмерский 0.0008628127696289905 4.634728988229636 0.003998903354814181
корейский 0.0008628127696289905 4.787491742782046 0.0041307090101657
курдский 0.0008628127696289905 4.653960350157523 0.004015496419462919
латинский 0.0008628127696289905 4.9344739331306915 0.00425752712090655
ладиный 0.0008628127696289905 4.6443908991413725 0.004007239774927845
лимбургский 0.0008628127696289905 4.6443908991413725 0.004007239774927845
литовский 0.0008628127696289905 4.762173934797756 0.00410886448213784
майтхиль 0.0008628127696289905 4.624972813284271 0.003990485602488586
минангкабау 0.0008628127696289905 4.634728988229636 0.003998903354814181
малаялам 0.0008628127696289905 4.6443908991413725 0.004007239774927845
сан 0.0008628127696289905 5.298317366548036 0.004571455881404691
монгольский 0.0008628127696289905 4.653960350157523 0.004015496419462919
монгол 0.0008628127696289905 4.653960350157523 0.004015496419462919
маратх 0.0008628127696289905 4.6443908991413725 0.004007239774927845
малайский 0.0008628127696289905 4.653960350157523 0.004015496419462919
мазандеранский 0.0008628127696289905 4.634728988229636 0.003998903354814181
неаполитанский 0.0008628127696289905 4.634728988229636 0.003998903354814181
непальский 0.0008628127696289905 4.653960350157523 0.004015496419462919
нидерландский 0.0008628127696289905 4.77912349311153 0.004123488777490534
окситанский 0.0008628127696289905 4.653960350157523 0.004015496419462919
нога 0.0008628127696289905 5.272999558563747 0.004549611353376831
польский 0.0008628127696289905 5.0106352940962555 0.004323240115699962
румынский 0.0008628127696289905 4.804021044733257 0.004144970702962258
сицилийский 0.0008628127696289905 4.634728988229636 0.003998903354814181
шотландский 0.0008628127696289905 4.663439094112067 0.004023674800786943
синдх 0.0008628127696289905 4.6443908991413725 0.004007239774927845
сингальский 0.0008628127696289905 4.6443908991413725 0.004007239774927845
словацкий 0.0008628127696289905 4.77912349311153 0.004123488777490534
сомали 0.0008628127696289905 4.6443908991413725 0.004007239774927845
албанский 0.0008628127696289905 4.6443908991413725 0.004007239774927845
сербский 0.0008628127696289905 4.8283137373023015 0.004165930748319501
српски 0.0008628127696289905 4.74493212836325 0.004093988031374677
сунданский 0.0008628127696289905 4.6443908991413725 0.004007239774927845
тамильский 0.0008628127696289905 4.653960350157523 0.004015496419462919
таджикский 0.0008628127696289905 4.653960350157523 0.004015496419462919
тоҷикӣ 0.0008628127696289905 4.653960350157523 0.004015496419462919
тайский 0.0008628127696289905 4.770684624465665 0.004116207613861661
тагалог 0.0008628127696289905 4.6443908991413725 0.004007239774927845
татарский 0.0008628127696289905 4.709530201312334 0.004063442796645673
татарча 0.0008628127696289905 4.68213122712422 0.004039802611841432
украинский 0.0008628127696289905 5.0106352940962555 0.004323240115699962
українська 0.0008628127696289905 4.90527477843843 0.004232333717375694
урд 0.0008628127696289905 4.653960350157523 0.004015496419462919
узбекский 0.0008628127696289905 4.6913478822291435 0.0040477548595592265
вьетнамский 0.0008628127696289905 4.700480365792417 0.004055634482996046
волапюк 0.0008628127696289905 4.6443908991413725 0.004007239774927845
ву 0.0008628127696289905 5.272999558563747 0.004549611353376831
идиш 0.0008628127696289905 4.736198448394496 0.0040864525007717825
йоруба 0.0008628127696289905 4.634728988229636 0.003998903354814181
китайский 0.0008628127696289905 4.770684624465665 0.004116207613861661
зулу 0.0008628127696289905 4.634728988229636 0.003998903354814181
межъязыковой 0.0008628127696289905 5.236441962829949 0.004518068992950776
отредактировать 0.0008628127696289905 5.278114659230517 0.004554024727550058
доступный 0.0008628127696289905 5.278114659230517 0.004554024727550058
лицензия 0.0008628127696289905 5.278114659230517 0.004554024727550058
отдельный 0.0008628127696289905 5.278114659230517 0.004554024727550058
случай 0.0008628127696289905 5.278114659230517 0.004554024727550058
дополнительный 0.0008628127696289905 5.278114659230517 0.004554024727550058
условие 0.001725625539257981 5.2832037287379885 0.009116831283413267
использование 0.0008628127696289905 5.278114659230517 0.004554024727550058
зарегистрировать 0.0008628127696289905 5.278114659230517 0.004554024727550058
товарный 0.0008628127696289905 5.278114659230517 0.004554024727550058
знак 0.0008628127696289905 5.278114659230517 0.004554024727550058
некоммерческий 0.0008628127696289905 5.278114659230517 0.004554024727550058
организация 0.0008628127696289905 5.278114659230517 0.004554024727550058
конфиденциальность 0.0008628127696289905 5.298317366548036 0.004571455881404691
описание 0.0008628127696289905 5.298317366548036 0.004571455881404691
отказ 0.0008628127696289905 5.298317366548036 0.004571455881404691
ответственность 0.0008628127696289905 5.298317366548036 0.004571455881404691
контакт 0.0008628127696289905 5.298317366548036 0.004571455881404691
связаться 0.0008628127696289905 5.298317366548036 0.004571455881404691
мобильный 0.0008628127696289905 5.298317366548036 0.004571455881404691
разработчик 0.0008628127696289905 5.298317366548036 0.004571455881404691
статистика 0.0008628127696289905 5.298317366548036 0.004571455881404691
заявление 0.0008628127696289905 5.298317366548036 0.004571455881404691
кук 0.0008628127696289905 5.298317366548036 0.004571455881404691
