портал 0.01984469370146678 4.700480365792417 0.09327959310890904
текущий 0.0181190681622088 5.298317366548036 0.0960005735094985
событие 0.03364969801553063 5.298317366548036 0.17828677937478293
википедия 0.01898188093183779 5.298317366548036 0.10057202939090319
январь 0.03278688524590164 5.298317366548036 0.17371532349337826
февраль 0.14322691975841242 5.298317366548036 0.7588616763131786
март 0.03364969801553063 5.298317366548036 0.17828677937478293
апрель 0.03192407247627265 5.298317366548036 0.16914386761197356
май 0.03364969801553063 5.298317366548036 0.17828677937478293
июнь 0.03192407247627265 5.298317366548036 0.16914386761197356
июль 0.03192407247627265 5.298317366548036 0.16914386761197356
август 0.03192407247627265 5.298317366548036 0.16914386761197356
сентябрь 0.03192407247627265 5.298317366548036 0.16914386761197356
октябрь 0.03192407247627265 5.298317366548036 0.16914386761197356
ноябрь 0.03882657463330457 5.298317366548036 0.20571551466321106
декабрь 0.03192407247627265 5.298317366548036 0.16914386761197356
содержание 0.003451251078515962 5.298317366548036 0.018285823525618763
русский 0.0025884383088869713 5.298317366548036 0.01371436764421407
страница 0.04918032786885246 5.298317366548036 0.26057298524006733
требовать 0.0008628127696289905 4.890349128221754 0.004219455675773731
проверка 0.0008628127696289905 5.262690188904886 0.00454071629758834
версия 0.009490940465918895 5.298317366548036 0.050286014695451596
это 0.003451251078515962 5.298317366548036 0.018285823525618763
перейти 0.006902502157031924 5.298317366548036 0.03657164705123753
навигация 0.0025884383088869713 5.298317366548036 0.01371436764421407
поиск 0.001725625539257981 5.298317366548036 0.009142911762809382
служебный 0.0060396893874029335 5.298317366548036 0.03200019116983283
пн 0.0008628127696289905 4.700480365792417 0.004055634482996046
вт 0.0008628127696289905 4.969813299576001 0.004288018377546161
сравнить 0.0008628127696289905 5.081404364984463 0.004384300573757087
чт 0.0008628127696289905 5.298317366548036 0.004571455881404691
пт 0.0008628127696289905 4.7535901911063645 0.004101458318469685
сб 0.0008628127696289905 4.736198448394496 0.0040864525007717825
вс 0.0008628127696289905 5.298317366548036 0.004571455881404691
область 0.0060396893874029335 4.6913478822291435 0.028334284016914586
доза 0.001725625539257981 4.624972813284271 0.007980971204977172
представить 0.001725625539257981 5.298317366548036 0.009142911762809382
сергей 0.001725625539257981 4.672828834461906 0.00806355277732857
шаблон 0.01898188093183779 5.278114659230517 0.10018854400610126
просмотр 0.008628127696289905 5.298317366548036 0.04571455881404691
обсуждение 0.013805004314063849 5.298317366548036 0.07314329410247505
править 0.007765314926660914 5.298317366548036 0.041143102932642214
список 0.009490940465918895 5.298317366548036 0.050286014695451596
недавно 0.0060396893874029335 5.298317366548036 0.03200019116983283
отсутствовать 0.01898188093183779 5.181783550292085 0.09835999836620006
другой 0.001725625539257981 5.298317366548036 0.009142911762809382
ссылка 0.0060396893874029335 5.293304824724492 0.03196991697417726
категория 0.0060396893874029335 5.293304824724492 0.03196991697417726
проект 0.006902502157031924 5.298317366548036 0.03657164705123753
перевод 0.001725625539257981 4.8283137373023015 0.008331861496639002
запрос 0.001725625539257981 4.663439094112067 0.008047349601573887
к 0.0008628127696289905 5.298317366548036 0.004571455881404691
создание 0.001725625539257981 4.663439094112067 0.008047349601573887
история 0.006902502157031924 5.288267030694535 0.03650227458632984
правка 0.005176876617773943 5.298317366548036 0.02742873528842814
добавить 0.0025884383088869713 4.700480365792417 0.012166903448988135
по 0.0008628127696289905 5.298317366548036 0.004571455881404691
мера 0.0025884383088869713 4.653960350157523 0.012046489258388755
на 0.009490940465918895 5.298317366548036 0.050286014695451596
отметить 0.0008628127696289905 4.634728988229636 0.003998903354814181
в 0.03278688524590164 5.298317366548036 0.17371532349337826
свой 0.0025884383088869713 4.68213122712422 0.012119407835524296
мы 0.0025884383088869713 5.298317366548036 0.01371436764421407
последний 0.003451251078515962 5.298317366548036 0.018285823525618763
запись 0.0025884383088869713 5.298317366548036 0.01371436764421407
смотреть 0.0025884383088869713 5.298317366548036 0.01371436764421407
также 0.0025884383088869713 5.298317366548036 0.01371436764421407
футбол 0.001725625539257981 4.6443908991413725 0.00801447954985569
место 0.001725625539257981 5.298317366548036 0.009142911762809382
менее 0.0025884383088869713 4.700480365792417 0.012166903448988135
весь 0.0008628127696289905 4.68213122712422 0.004039802611841432
с 0.0008628127696289905 5.298317366548036 0.004571455881404691
пуск 0.0008628127696289905 4.653960350157523 0.004015496419462919
помощь 0.0008628127696289905 4.6443908991413725 0.004007239774927845
алек 0.0008628127696289905 4.912654885736052 0.004238701368193315
участник 0.004314063848144953 5.298317366548036 0.022857279407023454
век 0.001725625539257981 4.969813299576001 0.008576036755092322
министр 0.0025884383088869713 4.672828834461906 0.012095329165992853
рф 0.001725625539257981 4.709530201312334 0.008126885593291345
пространство 0.001725625539257981 5.298317366548036 0.009142911762809382
дело 0.001725625539257981 5.298317366548036 0.009142911762809382
политик 0.0008628127696289905 5.298317366548036 0.004571455881404691
клуб 0.0060396893874029335 4.663439094112067 0.028165723605508602
ди 0.0025884383088869713 5.298317366548036 0.01371436764421407
друг 0.001725625539257981 5.298317366548036 0.009142911762809382
рот 0.001725625539257981 4.77912349311153 0.008246977554981069
владимир 0.003451251078515962 4.762173934797756 0.01643545792855136
часть 0.001725625539257981 5.298317366548036 0.009142911762809382
мочь 0.0025884383088869713 5.288267030694535 0.013688352969873687
новый 0.0025884383088869713 5.298317366548036 0.01371436764421407
указ 0.001725625539257981 5.298317366548036 0.009142911762809382
у 0.001725625539257981 5.298317366548036 0.009142911762809382
правило 0.0008628127696289905 4.653960350157523 0.004015496419462919
число 0.0025884383088869713 4.804021044733257 0.012434912108886772
ещё 0.001725625539257981 5.298317366548036 0.009142911762809382
район 0.0008628127696289905 4.68213122712422 0.004039802611841432
всё 0.0008628127696289905 5.298317366548036 0.004571455881404691
примечание 0.0025884383088869713 5.159055299214529 0.013353896374153223
как 0.001725625539257981 5.298317366548036 0.009142911762809382
война 0.0008628127696289905 4.624972813284271 0.003990485602488586
самый 0.0008628127696289905 4.663439094112067 0.004023674800786943
риа 0.003451251078515962 5.298317366548036 0.018285823525618763
при 0.0008628127696289905 5.236441962829949 0.004518068992950776
что 0.0008628127696289905 5.298317366548036 0.004571455881404691
вы 0.0025884383088869713 5.298317366548036 0.01371436764421407
бе 0.0008628127696289905 5.204006687076795 0.004490083422844517
источник 0.0008628127696289905 5.298317366548036 0.004571455881404691
персональный 0.0008628127696289905 5.298317366548036 0.004571455881404691
инструмент 0.001725625539257981 5.298317366548036 0.009142911762809382
мой 0.001725625539257981 5.298317366548036 0.009142911762809382
представиться 0.0008628127696289905 5.298317366548036 0.004571455881404691
система 0.0025884383088869713 5.298317366548036 0.01371436764421407
вклад 0.0008628127696289905 5.298317366548036 0.004571455881404691
предлагать 0.0008628127696289905 5.298317366548036 0.004571455881404691
создать 0.004314063848144953 5.298317366548036 0.022857279407023454
учётный 0.001725625539257981 5.298317366548036 0.009142911762809382
войти 0.001725625539257981 5.298317366548036 0.009142911762809382
хотя 0.0008628127696289905 5.298317366548036 0.004571455881404691
обязательно 0.0008628127696289905 5.298317366548036 0.004571455881404691
здесь 0.0008628127696289905 5.298317366548036 0.004571455881404691
зарегистрироваться 0.0008628127696289905 5.298317366548036 0.004571455881404691
необязательно 0.0008628127696289905 5.298317366548036 0.004571455881404691
имя 0.0008628127696289905 5.298317366548036 0.004571455881404691
изменить 0.0008628127696289905 5.298317366548036 0.004571455881404691
вариант 0.0008628127696289905 5.298317366548036 0.004571455881404691
изменение 0.003451251078515962 5.298317366548036 0.018285823525618763
посмотреть 0.001725625539257981 5.298317366548036 0.009142911762809382
текст 0.0025884383088869713 5.298317366548036 0.01371436764421407
журнал 0.0008628127696289905 5.293304824724492 0.004567130996311037
большой 0.0008628127696289905 5.298317366548036 0.004571455881404691
искать 0.0025884383088869713 5.298317366548036 0.01371436764421407
найти 0.001725625539257981 5.298317366548036 0.009142911762809382
содержать 0.0008628127696289905 5.298317366548036 0.004571455881404691
указанный 0.0008628127696289905 5.298317366548036 0.004571455881404691
точность 0.0008628127696289905 5.298317366548036 0.004571455881404691
такой 0.0008628127696289905 5.298317366548036 0.004571455881404691
название 0.0008628127696289905 5.298317366548036 0.004571455881404691
считаться 0.0008628127696289905 5.298317366548036 0.004571455881404691
избранный 0.0008628127696289905 5.298317366548036 0.004571455881404691
случайно 0.0008628127696289905 5.298317366548036 0.004571455881404691
выбрать 0.0008628127696289905 5.298317366548036 0.004571455881404691
случайный 0.0008628127696289905 5.298317366548036 0.004571455881404691
поддержать 0.0008628127696289905 5.298317366548036 0.004571455881404691
пожертвовать 0.0008628127696289905 5.298317366548036 0.004571455881404691
ошибка 0.001725625539257981 5.298317366548036 0.009142911762809382
о 0.0008628127696289905 5.298317366548036 0.004571455881404691
заниматься 0.0008628127696289905 5.298317366548036 0.004571455881404691
сообщество 0.0008628127696289905 5.298317366548036 0.004571455881404691
форум 0.001725625539257981 5.298317366548036 0.009142911762809382
свежий 0.0008628127696289905 5.298317366548036 0.004571455881404691
расположение 0.0008628127696289905 5.298317366548036 0.004571455881404691
справка 0.001725625539257981 5.298317366548036 0.009142911762809382
викидать 0.0008628127696289905 5.2832037287379885 0.004558415641706634
файл 0.0008628127696289905 5.288267030694535 0.00456278432329123
печать 0.001725625539257981 5.298317366548036 0.009142911762809382
ковы 0.0008628127696289905 5.298317366548036 0.004571455881404691
википести 0.001725625539257981 5.298317366548036 0.009142911762809382
сан 0.0008628127696289905 5.298317366548036 0.004571455881404691
нога 0.0008628127696289905 5.272999558563747 0.004549611353376831
ву 0.0008628127696289905 5.272999558563747 0.004549611353376831
условие 0.001725625539257981 5.2832037287379885 0.009116831283413267
конфиденциальность 0.0008628127696289905 5.298317366548036 0.004571455881404691
описание 0.0008628127696289905 5.298317366548036 0.004571455881404691
отказ 0.0008628127696289905 5.298317366548036 0.004571455881404691
ответственность 0.0008628127696289905 5.298317366548036 0.004571455881404691
контакт 0.0008628127696289905 5.298317366548036 0.004571455881404691
связаться 0.0008628127696289905 5.298317366548036 0.004571455881404691
мобильный 0.0008628127696289905 5.298317366548036 0.004571455881404691
разработчик 0.0008628127696289905 5.298317366548036 0.004571455881404691
статистика 0.0008628127696289905 5.298317366548036 0.004571455881404691
заявление 0.0008628127696289905 5.298317366548036 0.004571455881404691
кук 0.0008628127696289905 5.298317366548036 0.004571455881404691
