портал 0.01984469370146678 4.700480365792417 0.09327959310890904
текущий 0.0181190681622088 5.298317366548036 0.0960005735094985
событие 0.03364969801553063 5.298317366548036 0.17828677937478293
википедия 0.01898188093183779 5.298317366548036 0.10057202939090319
январь 0.03278688524590164 5.298317366548036 0.17371532349337826
февраль 0.14322691975841242 5.298317366548036 0.7588616763131786
март 0.03364969801553063 5.298317366548036 0.17828677937478293
апрель 0.03192407247627265 5.298317366548036 0.16914386761197356
май 0.03364969801553063 5.298317366548036 0.17828677937478293
июнь 0.03192407247627265 5.298317366548036 0.16914386761197356
июль 0.03192407247627265 5.298317366548036 0.16914386761197356
август 0.03192407247627265 5.298317366548036 0.16914386761197356
сентябрь 0.03192407247627265 5.298317366548036 0.16914386761197356
октябрь 0.03192407247627265 5.298317366548036 0.16914386761197356
ноябрь 0.03882657463330457 5.298317366548036 0.20571551466321106
декабрь 0.03192407247627265 5.298317366548036 0.16914386761197356
содержание 0.003451251078515962 5.298317366548036 0.018285823525618763
русский 0.0025884383088869713 5.298317366548036 0.01371436764421407
материал 0.0008628127696289905 5.2832037287379885 0.004558415641706634
свободный 0.0008628127696289905 5.2832037287379885 0.004558415641706634
энциклопедия 0.0008628127696289905 5.2832037287379885 0.004558415641706634
страница 0.04918032786885246 5.298317366548036 0.26057298524006733
версия 0.009490940465918895 5.298317366548036 0.050286014695451596
это 0.003451251078515962 5.298317366548036 0.018285823525618763
перейти 0.006902502157031924 5.298317366548036 0.03657164705123753
навигация 0.0025884383088869713 5.298317366548036 0.01371436764421407
поиск 0.001725625539257981 5.298317366548036 0.009142911762809382
служебный 0.0060396893874029335 5.298317366548036 0.03200019116983283
вт 0.0008628127696289905 4.969813299576001 0.004288018377546161
сравнить 0.0008628127696289905 5.081404364984463 0.004384300573757087
чт 0.0008628127696289905 5.298317366548036 0.004571455881404691
пт 0.0008628127696289905 4.7535901911063645 0.004101458318469685
вс 0.0008628127696289905 5.298317366548036 0.004571455881404691
статья 0.012079378774805867 5.298317366548036 0.06400038233966567
представить 0.001725625539257981 5.298317366548036 0.009142911762809382
шаблон 0.01898188093183779 5.278114659230517 0.10018854400610126
просмотр 0.008628127696289905 5.298317366548036 0.04571455881404691
обсуждение 0.013805004314063849 5.298317366548036 0.07314329410247505
править 0.007765314926660914 5.298317366548036 0.041143102932642214
список 0.009490940465918895 5.298317366548036 0.050286014695451596
недавно 0.0060396893874029335 5.298317366548036 0.03200019116983283
отсутствовать 0.01898188093183779 5.181783550292085 0.09835999836620006
ссылка 0.0060396893874029335 5.293304824724492 0.03196991697417726
категория 0.0060396893874029335 5.293304824724492 0.03196991697417726
медиафайл 0.0008628127696289905 4.634728988229636 0.003998903354814181
проект 0.006902502157031924 5.298317366548036 0.03657164705123753
запрос 0.001725625539257981 4.663439094112067 0.008047349601573887
стать 0.011216566005176877 5.278114659230517 0.05920232145815075
к 0.0008628127696289905 5.298317366548036 0.004571455881404691
история 0.006902502157031924 5.288267030694535 0.03650227458632984
правка 0.005176876617773943 5.298317366548036 0.02742873528842814
мир 0.03364969801553063 5.298317366548036 0.17828677937478293
по 0.0008628127696289905 5.298317366548036 0.004571455881404691
на 0.009490940465918895 5.298317366548036 0.050286014695451596
в 0.03278688524590164 5.298317366548036 0.17371532349337826
тара 0.001725625539257981 4.948759890378168 0.008539706454492094
илл 0.0008628127696289905 4.74493212836325 0.004093988031374677
мы 0.0025884383088869713 5.298317366548036 0.01371436764421407
последний 0.003451251078515962 5.298317366548036 0.018285823525618763
запись 0.0025884383088869713 5.298317366548036 0.01371436764421407
смотреть 0.0025884383088869713 5.298317366548036 0.01371436764421407
также 0.0025884383088869713 5.298317366548036 0.01371436764421407
иран 0.003451251078515962 4.672828834461906 0.01612710555465714
место 0.001725625539257981 5.298317366548036 0.009142911762809382
с 0.0008628127696289905 5.298317366548036 0.004571455881404691
китай 0.004314063848144953 4.770684624465665 0.020581038069308305
помощь 0.0008628127696289905 4.6443908991413725 0.004007239774927845
участник 0.004314063848144953 5.298317366548036 0.022857279407023454
оман 0.0025884383088869713 4.7535901911063645 0.012304374955409052
дело 0.001725625539257981 5.298317366548036 0.009142911762809382
политик 0.0008628127696289905 5.298317366548036 0.004571455881404691
ди 0.0025884383088869713 5.298317366548036 0.01371436764421407
друг 0.001725625539257981 5.298317366548036 0.009142911762809382
часть 0.001725625539257981 5.298317366548036 0.009142911762809382
мочь 0.0025884383088869713 5.288267030694535 0.013688352969873687
указ 0.001725625539257981 5.298317366548036 0.009142911762809382
у 0.001725625539257981 5.298317366548036 0.009142911762809382
нарушение 0.0008628127696289905 4.624972813284271 0.003990485602488586
правило 0.0008628127696289905 4.653960350157523 0.004015496419462919
ещё 0.001725625539257981 5.298317366548036 0.009142911762809382
финский 0.001725625539257981 4.927253685157205 0.008502594797510277
шведский 0.001725625539257981 4.912654885736052 0.00847740273638663
всё 0.0008628127696289905 5.298317366548036 0.004571455881404691
как 0.001725625539257981 5.298317366548036 0.009142911762809382
норв 0.0008628127696289905 4.9344739331306915 0.00425752712090655
англ 0.0008628127696289905 5.19295685089021 0.004480549483080423
риа 0.003451251078515962 5.298317366548036 0.018285823525618763
при 0.0008628127696289905 5.236441962829949 0.004518068992950776
что 0.0008628127696289905 5.298317366548036 0.004571455881404691
бе 0.0008628127696289905 5.204006687076795 0.004490083422844517
источник 0.0008628127696289905 5.298317366548036 0.004571455881404691
персональный 0.0008628127696289905 5.298317366548036 0.004571455881404691
инструмент 0.001725625539257981 5.298317366548036 0.009142911762809382
мой 0.001725625539257981 5.298317366548036 0.009142911762809382
представиться 0.0008628127696289905 5.298317366548036 0.004571455881404691
система 0.0025884383088869713 5.298317366548036 0.01371436764421407
вклад 0.0008628127696289905 5.298317366548036 0.004571455881404691
предлагать 0.0008628127696289905 5.298317366548036 0.004571455881404691
создать 0.004314063848144953 5.298317366548036 0.022857279407023454
учётный 0.001725625539257981 5.298317366548036 0.009142911762809382
войти 0.001725625539257981 5.298317366548036 0.009142911762809382
хотя 0.0008628127696289905 5.298317366548036 0.004571455881404691
обязательно 0.0008628127696289905 5.298317366548036 0.004571455881404691
здесь 0.0008628127696289905 5.298317366548036 0.004571455881404691
зарегистрироваться 0.0008628127696289905 5.298317366548036 0.004571455881404691
необязательно 0.0008628127696289905 5.298317366548036 0.004571455881404691
имя 0.0008628127696289905 5.298317366548036 0.004571455881404691
основной 0.0008628127696289905 5.288267030694535 0.00456278432329123
изменить 0.0008628127696289905 5.298317366548036 0.004571455881404691
вариант 0.0008628127696289905 5.298317366548036 0.004571455881404691
читать 0.0008628127696289905 5.2832037287379885 0.004558415641706634
этот 0.0025884383088869713 5.278114659230517 0.013662074182650173
защитить 0.0008628127696289905 4.718498871295094 0.004071181079633386
изменение 0.003451251078515962 5.298317366548036 0.018285823525618763
посмотреть 0.001725625539257981 5.298317366548036 0.009142911762809382
её 0.0008628127696289905 4.875197323201151 0.0042063825049190266
исходный 0.0008628127696289905 4.718498871295094 0.004071181079633386
текст 0.0025884383088869713 5.298317366548036 0.01371436764421407
код 0.0008628127696289905 4.718498871295094 0.004071181079633386
журнал 0.0008628127696289905 5.293304824724492 0.004567130996311037
большой 0.0008628127696289905 5.298317366548036 0.004571455881404691
искать 0.0025884383088869713 5.298317366548036 0.01371436764421407
найти 0.001725625539257981 5.298317366548036 0.009142911762809382
содержать 0.0008628127696289905 5.298317366548036 0.004571455881404691
указанный 0.0008628127696289905 5.298317366548036 0.004571455881404691
точность 0.0008628127696289905 5.298317366548036 0.004571455881404691
такой 0.0008628127696289905 5.298317366548036 0.004571455881404691
название 0.0008628127696289905 5.298317366548036 0.004571455881404691
считаться 0.0008628127696289905 5.298317366548036 0.004571455881404691
избранный 0.0008628127696289905 5.298317366548036 0.004571455881404691
случайно 0.0008628127696289905 5.298317366548036 0.004571455881404691
выбрать 0.0008628127696289905 5.298317366548036 0.004571455881404691
случайный 0.0008628127696289905 5.298317366548036 0.004571455881404691
поддержать 0.0008628127696289905 5.298317366548036 0.004571455881404691
пожертвовать 0.0008628127696289905 5.298317366548036 0.004571455881404691
ошибка 0.001725625539257981 5.298317366548036 0.009142911762809382
о 0.0008628127696289905 5.298317366548036 0.004571455881404691
заниматься 0.0008628127696289905 5.298317366548036 0.004571455881404691
сообщество 0.0008628127696289905 5.298317366548036 0.004571455881404691
форум 0.001725625539257981 5.298317366548036 0.009142911762809382
свежий 0.0008628127696289905 5.298317366548036 0.004571455881404691
расположение 0.0008628127696289905 5.298317366548036 0.004571455881404691
справка 0.001725625539257981 5.298317366548036 0.009142911762809382
ссылаться 0.001725625539257981 5.2832037287379885 0.009116831283413267
данный 0.0008628127696289905 5.288267030694535 0.00456278432329123
сюда 0.0008628127696289905 5.288267030694535 0.00456278432329123
связанный 0.001725625539257981 5.278114659230517 0.009108049455100116
постоянный 0.001725625539257981 5.278114659230517 0.009108049455100116
подробный 0.001725625539257981 5.2832037287379885 0.009116831283413267
сведение 0.0008628127696289905 5.2832037287379885 0.004558415641706634
элемент 0.001725625539257981 5.2832037287379885 0.009116831283413267
репозиторий 0.0008628127696289905 5.278114659230517 0.004554024727550058
викидать 0.0008628127696289905 5.2832037287379885 0.004558415641706634
книга 0.001725625539257981 5.278114659230517 0.009108049455100116
коллекция 0.0008628127696289905 5.278114659230517 0.004554024727550058
скачать 0.001725625539257981 5.278114659230517 0.009108049455100116
файл 0.0008628127696289905 5.288267030694535 0.00456278432329123
печать 0.001725625539257981 5.298317366548036 0.009142911762809382
староанглийский 0.0008628127696289905 4.653960350157523 0.004015496419462919
аварский 0.0008628127696289905 4.624972813284271 0.003990485602488586
авар 0.0008628127696289905 4.653960350157523 0.004015496419462919
азербайджанский 0.0008628127696289905 4.787491742782046 0.0041307090101657
башкирский 0.0008628127696289905 4.672828834461906 0.004031776388664285
башҡортс 0.0008628127696289905 4.663439094112067 0.004023674800786943
белорусский 0.0008628127696289905 4.927253685157205 0.0042512973987551385
беларускать 0.0008628127696289905 4.709530201312334 0.004063442796645673
каталанский 0.0008628127696289905 4.709530201312334 0.004063442796645673
ковы 0.0008628127696289905 5.298317366548036 0.004571455881404691
чеченский 0.0008628127696289905 4.663439094112067 0.004023674800786943
нохчийна 0.0008628127696289905 4.663439094112067 0.004023674800786943
себуано 0.0008628127696289905 4.663439094112067 0.004023674800786943
сорань 0.0008628127696289905 4.653960350157523 0.004015496419462919
чешский 0.0008628127696289905 4.919980925828125 0.0042450223691355695
википести 0.001725625539257981 5.298317366548036 0.009142911762809382
чувашский 0.0008628127696289905 4.663439094112067 0.004023674800786943
чӑваидти 0.0008628127696289905 4.653960350157523 0.004015496419462919
датский 0.0008628127696289905 4.762173934797756 0.00410886448213784
греческий 0.0008628127696289905 5.003946305945459 0.004317468771307557
эсперанто 0.0008628127696289905 4.6913478822291435 0.0040477548595592265
баскский 0.0008628127696289905 4.653960350157523 0.004015496419462919
персидский 0.0008628127696289905 4.762173934797756 0.00410886448213784
фарерский 0.0008628127696289905 4.6443908991413725 0.004007239774927845
ирландский 0.0008628127696289905 4.672828834461906 0.004031776388664285
гуджарать 0.0008628127696289905 4.634728988229636 0.003998903354814181
хакка 0.0008628127696289905 4.634728988229636 0.003998903354814181
хинди 0.0008628127696289905 4.663439094112067 0.004023674800786943
хорватский 0.0008628127696289905 4.762173934797756 0.00410886448213784
армянский 0.0008628127696289905 4.795790545596741 0.004137869323206852
интерлингва 0.0008628127696289905 4.6443908991413725 0.004007239774927845
индонезийский 0.0008628127696289905 4.672828834461906 0.004031776388664285
исландский 0.0008628127696289905 4.700480365792417 0.004055634482996046
японский 0.0008628127696289905 4.852030263919617 0.004186393670336167
казахский 0.0008628127696289905 4.663439094112067 0.004023674800786943
кхмерский 0.0008628127696289905 4.634728988229636 0.003998903354814181
корейский 0.0008628127696289905 4.787491742782046 0.0041307090101657
курдский 0.0008628127696289905 4.653960350157523 0.004015496419462919
латинский 0.0008628127696289905 4.9344739331306915 0.00425752712090655
ладиный 0.0008628127696289905 4.6443908991413725 0.004007239774927845
люксембургский 0.0008628127696289905 4.6443908991413725 0.004007239774927845
лимбургский 0.0008628127696289905 4.6443908991413725 0.004007239774927845
литовский 0.0008628127696289905 4.762173934797756 0.00410886448213784
минангкабау 0.0008628127696289905 4.634728988229636 0.003998903354814181
малаялам 0.0008628127696289905 4.6443908991413725 0.004007239774927845
сан 0.0008628127696289905 5.298317366548036 0.004571455881404691
монгольский 0.0008628127696289905 4.653960350157523 0.004015496419462919
монгол 0.0008628127696289905 4.653960350157523 0.004015496419462919
маратх 0.0008628127696289905 4.6443908991413725 0.004007239774927845
малайский 0.0008628127696289905 4.653960350157523 0.004015496419462919
бирманский 0.0008628127696289905 4.6443908991413725 0.004007239774927845
неаполитанский 0.0008628127696289905 4.634728988229636 0.003998903354814181
непальский 0.0008628127696289905 4.653960350157523 0.004015496419462919
неварский 0.0008628127696289905 4.61512051684126 0.0039819849153073855
ниас 0.0008628127696289905 4.624972813284271 0.003990485602488586
нидерландский 0.0008628127696289905 4.77912349311153 0.004123488777490534
окситанский 0.0008628127696289905 4.653960350157523 0.004015496419462919
нога 0.0008628127696289905 5.272999558563747 0.004549611353376831
осетинский 0.0008628127696289905 4.653960350157523 0.004015496419462919
ирон 0.0008628127696289905 4.6913478822291435 0.0040477548595592265
польский 0.0008628127696289905 5.0106352940962555 0.004323240115699962
румынский 0.0008628127696289905 4.804021044733257 0.004144970702962258
сицилийский 0.0008628127696289905 4.634728988229636 0.003998903354814181
шотландский 0.0008628127696289905 4.663439094112067 0.004023674800786943
синдх 0.0008628127696289905 4.6443908991413725 0.004007239774927845
сингальский 0.0008628127696289905 4.6443908991413725 0.004007239774927845
словацкий 0.0008628127696289905 4.77912349311153 0.004123488777490534
сомали 0.0008628127696289905 4.6443908991413725 0.004007239774927845
албанский 0.0008628127696289905 4.6443908991413725 0.004007239774927845
сербский 0.0008628127696289905 4.8283137373023015 0.004165930748319501
српски 0.0008628127696289905 4.74493212836325 0.004093988031374677
сунданский 0.0008628127696289905 4.6443908991413725 0.004007239774927845
тамильский 0.0008628127696289905 4.653960350157523 0.004015496419462919
таджикский 0.0008628127696289905 4.653960350157523 0.004015496419462919
тоҷикӣ 0.0008628127696289905 4.653960350157523 0.004015496419462919
тайский 0.0008628127696289905 4.770684624465665 0.004116207613861661
тагалог 0.0008628127696289905 4.6443908991413725 0.004007239774927845
татарский 0.0008628127696289905 4.709530201312334 0.004063442796645673
татарча 0.0008628127696289905 4.68213122712422 0.004039802611841432
украинский 0.0008628127696289905 5.0106352940962555 0.004323240115699962
українська 0.0008628127696289905 4.90527477843843 0.004232333717375694
урд 0.0008628127696289905 4.653960350157523 0.004015496419462919
узбекский 0.0008628127696289905 4.6913478822291435 0.0040477548595592265
вьетнамский 0.0008628127696289905 4.700480365792417 0.004055634482996046
волапюк 0.0008628127696289905 4.6443908991413725 0.004007239774927845
валлонский 0.0008628127696289905 4.624972813284271 0.003990485602488586
ву 0.0008628127696289905 5.272999558563747 0.004549611353376831
идиш 0.0008628127696289905 4.736198448394496 0.0040864525007717825
китайский 0.0008628127696289905 4.770684624465665 0.004116207613861661
межъязыковой 0.0008628127696289905 5.236441962829949 0.004518068992950776
отредактировать 0.0008628127696289905 5.278114659230517 0.004554024727550058
доступный 0.0008628127696289905 5.278114659230517 0.004554024727550058
лицензия 0.0008628127696289905 5.278114659230517 0.004554024727550058
отдельный 0.0008628127696289905 5.278114659230517 0.004554024727550058
случай 0.0008628127696289905 5.278114659230517 0.004554024727550058
дополнительный 0.0008628127696289905 5.278114659230517 0.004554024727550058
условие 0.001725625539257981 5.2832037287379885 0.009116831283413267
использование 0.0008628127696289905 5.278114659230517 0.004554024727550058
зарегистрировать 0.0008628127696289905 5.278114659230517 0.004554024727550058
товарный 0.0008628127696289905 5.278114659230517 0.004554024727550058
знак 0.0008628127696289905 5.278114659230517 0.004554024727550058
некоммерческий 0.0008628127696289905 5.278114659230517 0.004554024727550058
организация 0.0008628127696289905 5.278114659230517 0.004554024727550058
конфиденциальность 0.0008628127696289905 5.298317366548036 0.004571455881404691
описание 0.0008628127696289905 5.298317366548036 0.004571455881404691
отказ 0.0008628127696289905 5.298317366548036 0.004571455881404691
ответственность 0.0008628127696289905 5.298317366548036 0.004571455881404691
контакт 0.0008628127696289905 5.298317366548036 0.004571455881404691
связаться 0.0008628127696289905 5.298317366548036 0.004571455881404691
мобильный 0.0008628127696289905 5.298317366548036 0.004571455881404691
разработчик 0.0008628127696289905 5.298317366548036 0.004571455881404691
статистика 0.0008628127696289905 5.298317366548036 0.004571455881404691
заявление 0.0008628127696289905 5.298317366548036 0.004571455881404691
кук 0.0008628127696289905 5.298317366548036 0.004571455881404691
