портал 0.01984469370146678 2.302585092994046 0.045694095892030245
текущий 0.0181190681622088 0.0 0.0
событие 0.03364969801553063 0.0 0.0
википедия 0.01898188093183779 0.0 0.0
январь 0.03278688524590164 0.0 0.0
февраль 0.14322691975841242 0.0 0.0
март 0.03364969801553063 0.0 0.0
апрель 0.03192407247627265 0.0 0.0
май 0.03364969801553063 0.0 0.0
июнь 0.03192407247627265 0.0 0.0
июль 0.03192407247627265 0.0 0.0
август 0.03192407247627265 0.0 0.0
сентябрь 0.03192407247627265 0.0 0.0
октябрь 0.03192407247627265 0.0 0.0
ноябрь 0.03882657463330457 0.0 0.0
декабрь 0.03192407247627265 0.0 0.0
содержание 0.003451251078515962 0.0 0.0
русский 0.0025884383088869713 0.0 0.0
материал 0.0008628127696289905 0.03045920748470844 2.6280593170585366e-05
свободный 0.0008628127696289905 0.03045920748470844 2.6280593170585366e-05
энциклопедия 0.0008628127696289905 0.03045920748470844 2.6280593170585366e-05
страница 0.04918032786885246 0.0 0.0
требовать 0.0008628127696289905 1.1086626245216111 0.0009565682696476369
версия 0.009490940465918895 0.0 0.0
это 0.003451251078515962 0.0 0.0
патрулирование 0.0008628127696289905 2.5257286443082556 0.0021792309269268815
перейти 0.006902502157031924 0.0 0.0
навигация 0.0025884383088869713 0.0 0.0
поиск 0.001725625539257981 0.0 0.0
время 0.0025884383088869713 1.9661128563728327 0.005089161837030628
год 0.2286453839516825 0.23572233352106994 0.05389682345391159
служебный 0.0060396893874029335 0.0 0.0
вт 0.0008628127696289905 0.8209805520698303 0.000708352503942908
сравнить 0.0008628127696289905 0.49429632181478017 0.0004264851784424333
чт 0.0008628127696289905 0.0 0.0
сб 0.0008628127696289905 1.9661128563728327 0.0016963872790102094
вс 0.0008628127696289905 0.0 0.0
кино 0.001725625539257981 1.4271163556401458 0.0024626684307854116
викиновость 0.007765314926660914 2.120263536200091 0.01646451408610942
суд 0.004314063848144953 2.120263536200091 0.00914695227006079
статья 0.012079378774805867 0.0 0.0
представить 0.001725625539257981 0.0 0.0
шаблон 0.01898188093183779 0.0408219945202552 0.0007748782393836189
просмотр 0.008628127696289905 0.0 0.0
обсуждение 0.013805004314063849 0.0 0.0
править 0.007765314926660914 0.0 0.0
список 0.009490940465918895 0.0 0.0
недавно 0.0060396893874029335 0.0 0.0
другой 0.001725625539257981 0.0 0.0
ссылка 0.0060396893874029335 0.010050335853501506 6.070090679422825e-05
категория 0.0060396893874029335 0.010050335853501506 6.070090679422825e-05
проект 0.006902502157031924 0.0 0.0
перевод 0.001725625539257981 1.3862943611198906 0.0023922249544778094
запрос 0.001725625539257981 2.8134107167600364 0.0048548933852632205
стать 0.011216566005176877 0.0408219945202552 0.00045788259599941123
к 0.0008628127696289905 0.0 0.0
история 0.006902502157031924 0.02020270731751947 0.00013944923083706277
раздел 0.0008628127696289905 3.912023005428146 0.003375343404165786
викимедиа 0.0008628127696289905 3.506557897319982 0.003025502931251063
правка 0.005176876617773943 0.0 0.0
добавить 0.0025884383088869713 2.302585092994046 0.0059600994641778576
мир 0.03364969801553063 0.0 0.0
по 0.0008628127696289905 0.0 0.0
на 0.009490940465918895 0.0 0.0
в 0.03278688524590164 0.0 0.0
тара 0.001725625539257981 0.8915981192837835 0.0015385644853904807
илл 0.0008628127696289905 1.8971199848858813 0.001636859348477896
новость 0.007765314926660914 2.120263536200091 0.01646451408610942
мы 0.0025884383088869713 0.0 0.0
последний 0.003451251078515962 0.0 0.0
запись 0.0025884383088869713 0.0 0.0
смотреть 0.0025884383088869713 0.0 0.0
также 0.0025884383088869713 0.0 0.0
футбол 0.001725625539257981 3.2188758248682006 0.005554574331092668
иран 0.003451251078515962 2.659260036932778 0.009177774070518648
место 0.001725625539257981 0.0 0.0
решение 0.001725625539257981 1.9661128563728327 0.003392774558020419
с 0.0008628127696289905 0.0 0.0
китай 0.004314063848144953 1.7147984280919266 0.0073977499054871726
работа 0.001725625539257981 0.0 0.0
участник 0.004314063848144953 0.0 0.0
пример 0.0008628127696289905 2.207274913189721 0.001904464981181813
министр 0.0025884383088869713 2.659260036932778 0.006883330552888985
оман 0.0025884383088869713 1.8325814637483102 0.004743524064922287
дело 0.001725625539257981 0.0 0.0
политик 0.0008628127696289905 0.0 0.0
клуб 0.0060396893874029335 2.8134107167600364 0.016992126848421274
ди 0.0025884383088869713 0.0 0.0
друг 0.001725625539257981 0.0 0.0
рот 0.001725625539257981 1.6607312068216509 0.002865800184334169
данные 0.001725625539257981 0.0 0.0
городской 0.0008628127696289905 4.605170185988092 0.003973399642785239
часть 0.001725625539257981 0.0 0.0
мочь 0.0025884383088869713 0.02020270731751947 5.2293461563898534e-05
новый 0.0025884383088869713 0.0 0.0
указ 0.001725625539257981 0.0 0.0
у 0.001725625539257981 0.0 0.0
правило 0.0008628127696289905 2.995732273553991 0.002584756060012072
число 0.0025884383088869713 1.5141277326297755 0.003919226227687081
ещё 0.001725625539257981 0.0 0.0
район 0.0008628127696289905 2.5257286443082556 0.0021792309269268815
финский 0.001725625539257981 0.9675840262617057 0.0016696877070952645
шведский 0.001725625539257981 1.0216512475319812 0.0017629874849559642
всё 0.0008628127696289905 0.0 0.0
как 0.001725625539257981 0.0 0.0
норв 0.0008628127696289905 0.9416085398584451 0.0008124318721815748
англ 0.0008628127696289905 0.22314355131420976 0.0001925311055342621
риа 0.003451251078515962 0.0 0.0
при 0.0008628127696289905 0.127833371509885 0.00011029626532345556
что 0.0008628127696289905 0.0 0.0
вы 0.0025884383088869713 0.0 0.0
бе 0.0008628127696289905 0.19845093872383823 0.00017122600407578796
источник 0.0008628127696289905 0.0 0.0
персональный 0.0008628127696289905 0.0 0.0
инструмент 0.001725625539257981 0.0 0.0
мой 0.001725625539257981 0.0 0.0
представиться 0.0008628127696289905 0.0 0.0
система 0.0025884383088869713 0.0 0.0
вклад 0.0008628127696289905 0.0 0.0
предлагать 0.0008628127696289905 0.0 0.0
создать 0.004314063848144953 0.0 0.0
учётный 0.001725625539257981 0.0 0.0
войти 0.001725625539257981 0.0 0.0
хотя 0.0008628127696289905 0.0 0.0
обязательно 0.0008628127696289905 0.0 0.0
здесь 0.0008628127696289905 0.0 0.0
зарегистрироваться 0.0008628127696289905 0.0 0.0
необязательно 0.0008628127696289905 0.0 0.0
имя 0.0008628127696289905 0.0 0.0
основной 0.0008628127696289905 0.02020270731751947 1.7431153854632847e-05
изменить 0.0008628127696289905 0.0 0.0
вариант 0.0008628127696289905 0.0 0.0
читать 0.0008628127696289905 0.03045920748470844 2.6280593170585366e-05
этот 0.0025884383088869713 0.0408219945202552 0.00010566521446140257
защитить 0.0008628127696289905 2.120263536200091 0.001829390454012158
изменение 0.003451251078515962 0.0 0.0
посмотреть 0.001725625539257981 0.0 0.0
её 0.0008628127696289905 1.171182981502945 0.0010105116320128949
исходный 0.0008628127696289905 2.120263536200091 0.001829390454012158
текст 0.0025884383088869713 0.0 0.0
код 0.0008628127696289905 2.120263536200091 0.001829390454012158
журнал 0.0008628127696289905 0.010050335853501506 8.67155811346118e-06
большой 0.0008628127696289905 0.0 0.0
искать 0.0025884383088869713 0.0 0.0
найти 0.001725625539257981 0.0 0.0
содержать 0.0008628127696289905 0.0 0.0
указанный 0.0008628127696289905 0.0 0.0
точность 0.0008628127696289905 0.0 0.0
такой 0.0008628127696289905 0.0 0.0
название 0.0008628127696289905 0.0 0.0
считаться 0.0008628127696289905 0.0 0.0
избранный 0.0008628127696289905 0.0 0.0
случайно 0.0008628127696289905 0.0 0.0
выбрать 0.0008628127696289905 0.0 0.0
случайный 0.0008628127696289905 0.0 0.0
поддержать 0.0008628127696289905 0.0 0.0
пожертвовать 0.0008628127696289905 0.0 0.0
ошибка 0.001725625539257981 0.0 0.0
о 0.0008628127696289905 0.0 0.0
заниматься 0.0008628127696289905 0.0 0.0
сообщество 0.0008628127696289905 0.0 0.0
форум 0.001725625539257981 0.0 0.0
свежий 0.0008628127696289905 0.0 0.0
расположение 0.0008628127696289905 0.0 0.0
справка 0.001725625539257981 0.0 0.0
ссылаться 0.001725625539257981 0.03045920748470844 5.256118634117073e-05
данный 0.0008628127696289905 0.02020270731751947 1.7431153854632847e-05
сюда 0.0008628127696289905 0.02020270731751947 1.7431153854632847e-05
связанный 0.001725625539257981 0.0408219945202552 7.044347630760173e-05
постоянный 0.001725625539257981 0.0408219945202552 7.044347630760173e-05
подробный 0.001725625539257981 0.03045920748470844 5.256118634117073e-05
сведение 0.0008628127696289905 0.03045920748470844 2.6280593170585366e-05
элемент 0.001725625539257981 0.03045920748470844 5.256118634117073e-05
репозиторий 0.0008628127696289905 0.0408219945202552 3.522173815380087e-05
викидать 0.0008628127696289905 0.03045920748470844 2.6280593170585366e-05
книга 0.001725625539257981 0.0408219945202552 7.044347630760173e-05
коллекция 0.0008628127696289905 0.0408219945202552 3.522173815380087e-05
скачать 0.001725625539257981 0.0408219945202552 7.044347630760173e-05
файл 0.0008628127696289905 0.02020270731751947 1.7431153854632847e-05
печать 0.001725625539257981 0.0 0.0
староанглийский 0.0008628127696289905 2.995732273553991 0.002584756060012072
ассамский 0.0008628127696289905 3.2188758248682006 0.002777287165546334
башкирский 0.0008628127696289905 2.659260036932778 0.002294443517629662
башҡортс 0.0008628127696289905 2.8134107167600364 0.0024274466926316103
каталанский 0.0008628127696289905 2.207274913189721 0.001904464981181813
ковы 0.0008628127696289905 0.0 0.0
чеченский 0.0008628127696289905 2.8134107167600364 0.0024274466926316103
нохчийна 0.0008628127696289905 2.8134107167600364 0.0024274466926316103
себуано 0.0008628127696289905 2.8134107167600364 0.0024274466926316103
чероки 0.0008628127696289905 4.605170185988092 0.003973399642785239
сорань 0.0008628127696289905 2.995732273553991 0.002584756060012072
чешский 0.0008628127696289905 0.9942522733438669 0.0008578535576737419
википести 0.001725625539257981 0.0 0.0
чувашский 0.0008628127696289905 2.8134107167600364 0.0024274466926316103
чӑваидти 0.0008628127696289905 2.995732273553991 0.002584756060012072
датский 0.0008628127696289905 1.7719568419318754 0.0015288669904502809
греческий 0.0008628127696289905 0.7133498878774648 0.0006154873924740853
эсперанто 0.0008628127696289905 2.407945608651872 0.0020776062197168867
баскский 0.0008628127696289905 2.995732273553991 0.002584756060012072
персидский 0.0008628127696289905 1.7719568419318754 0.0015288669904502809
фарерский 0.0008628127696289905 3.2188758248682006 0.002777287165546334
ирландский 0.0008628127696289905 2.659260036932778 0.002294443517629662
ганя 0.0008628127696289905 3.506557897319982 0.003025502931251063
гуджарать 0.0008628127696289905 3.506557897319982 0.003025502931251063
хакка 0.0008628127696289905 3.506557897319982 0.003025502931251063
хинди 0.0008628127696289905 2.8134107167600364 0.0024274466926316103
хорватский 0.0008628127696289905 1.7719568419318754 0.0015288669904502809
армянский 0.0008628127696289905 1.5606477482646683 0.001346546806095486
интерлингва 0.0008628127696289905 3.2188758248682006 0.002777287165546334
индонезийский 0.0008628127696289905 2.659260036932778 0.002294443517629662
исландский 0.0008628127696289905 2.302585092994046 0.0019866998213926195
японский 0.0008628127696289905 1.2729656758128876 0.0010983310403907573
казахский 0.0008628127696289905 2.8134107167600364 0.0024274466926316103
корейский 0.0008628127696289905 1.6094379124341003 0.001388643582773167
курдский 0.0008628127696289905 2.995732273553991 0.002584756060012072
латинский 0.0008628127696289905 0.9416085398584451 0.0008124318721815748
ладиный 0.0008628127696289905 3.2188758248682006 0.002777287165546334
люксембургский 0.0008628127696289905 3.2188758248682006 0.002777287165546334
лимбургский 0.0008628127696289905 3.2188758248682006 0.002777287165546334
литовский 0.0008628127696289905 1.7719568419318754 0.0015288669904502809
майтхиль 0.0008628127696289905 3.912023005428146 0.003375343404165786
минангкабау 0.0008628127696289905 3.506557897319982 0.003025502931251063
малаялам 0.0008628127696289905 3.2188758248682006 0.002777287165546334
сан 0.0008628127696289905 0.0 0.0
монгольский 0.0008628127696289905 2.995732273553991 0.002584756060012072
монгол 0.0008628127696289905 2.995732273553991 0.002584756060012072
маратх 0.0008628127696289905 3.2188758248682006 0.002777287165546334
малайский 0.0008628127696289905 2.995732273553991 0.002584756060012072
бирманский 0.0008628127696289905 3.2188758248682006 0.002777287165546334
мазандеранский 0.0008628127696289905 3.506557897319982 0.003025502931251063
науру 0.0008628127696289905 4.605170185988092 0.003973399642785239
неаполитанский 0.0008628127696289905 3.506557897319982 0.003025502931251063
непальский 0.0008628127696289905 2.995732273553991 0.002584756060012072
ниас 0.0008628127696289905 3.912023005428146 0.003375343404165786
нидерландский 0.0008628127696289905 1.6607312068216509 0.0014329000921670845
окситанский 0.0008628127696289905 2.995732273553991 0.002584756060012072
нога 0.0008628127696289905 0.05129329438755048 4.425650939391759e-05
осетинский 0.0008628127696289905 2.995732273553991 0.002584756060012072
ирон 0.0008628127696289905 2.407945608651872 0.0020776062197168867
панджаби 0.0008628127696289905 3.912023005428146 0.003375343404165786
польский 0.0008628127696289905 0.6931471805599453 0.0005980562386194523
румынский 0.0008628127696289905 1.5141277326297755 0.0013064087425623603
сицилийский 0.0008628127696289905 3.506557897319982 0.003025502931251063
шотландский 0.0008628127696289905 2.8134107167600364 0.0024274466926316103
синдх 0.0008628127696289905 3.2188758248682006 0.002777287165546334
сингальский 0.0008628127696289905 3.2188758248682006 0.002777287165546334
словацкий 0.0008628127696289905 1.6607312068216509 0.0014329000921670845
сомали 0.0008628127696289905 3.2188758248682006 0.002777287165546334
албанский 0.0008628127696289905 3.2188758248682006 0.002777287165546334
сербский 0.0008628127696289905 1.3862943611198906 0.0011961124772389047
српски 0.0008628127696289905 1.8971199848858813 0.001636859348477896
сунданский 0.0008628127696289905 3.2188758248682006 0.002777287165546334
тамильский 0.0008628127696289905 2.995732273553991 0.002584756060012072
таджикский 0.0008628127696289905 2.995732273553991 0.002584756060012072
тоҷикӣ 0.0008628127696289905 2.995732273553991 0.002584756060012072
тайский 0.0008628127696289905 1.7147984280919266 0.0014795499810974346
тагалог 0.0008628127696289905 3.2188758248682006 0.002777287165546334
татарский 0.0008628127696289905 2.207274913189721 0.001904464981181813
татарча 0.0008628127696289905 2.5257286443082556 0.0021792309269268815
украинский 0.0008628127696289905 0.6931471805599453 0.0005980562386194523
українська 0.0008628127696289905 1.0498221244986776 0.0009057999348564949
урд 0.0008628127696289905 2.995732273553991 0.002584756060012072
узбекский 0.0008628127696289905 2.407945608651872 0.0020776062197168867
вьетнамский 0.0008628127696289905 2.302585092994046 0.0019866998213926195
волапюк 0.0008628127696289905 3.2188758248682006 0.002777287165546334
валлонский 0.0008628127696289905 3.912023005428146 0.003375343404165786
ву 0.0008628127696289905 0.05129329438755048 4.425650939391759e-05
идиш 0.0008628127696289905 1.9661128563728327 0.0016963872790102094
йоруба 0.0008628127696289905 3.506557897319982 0.003025502931251063
китайский 0.0008628127696289905 1.7147984280919266 0.0014795499810974346
зулу 0.0008628127696289905 3.506557897319982 0.003025502931251063
межъязыковой 0.0008628127696289905 0.127833371509885 0.00011029626532345556
отредактировать 0.0008628127696289905 0.0408219945202552 3.522173815380087e-05
доступный 0.0008628127696289905 0.0408219945202552 3.522173815380087e-05
лицензия 0.0008628127696289905 0.0408219945202552 3.522173815380087e-05
отдельный 0.0008628127696289905 0.0408219945202552 3.522173815380087e-05
случай 0.0008628127696289905 0.0408219945202552 3.522173815380087e-05
дополнительный 0.0008628127696289905 0.0408219945202552 3.522173815380087e-05
условие 0.001725625539257981 0.03045920748470844 5.256118634117073e-05
использование 0.0008628127696289905 0.0408219945202552 3.522173815380087e-05
зарегистрировать 0.0008628127696289905 0.0408219945202552 3.522173815380087e-05
товарный 0.0008628127696289905 0.0408219945202552 3.522173815380087e-05
знак 0.0008628127696289905 0.0408219945202552 3.522173815380087e-05
некоммерческий 0.0008628127696289905 0.0408219945202552 3.522173815380087e-05
организация 0.0008628127696289905 0.0408219945202552 3.522173815380087e-05
конфиденциальность 0.0008628127696289905 0.0 0.0
описание 0.0008628127696289905 0.0 0.0
отказ 0.0008628127696289905 0.0 0.0
ответственность 0.0008628127696289905 0.0 0.0
контакт 0.0008628127696289905 0.0 0.0
связаться 0.0008628127696289905 0.0 0.0
мобильный 0.0008628127696289905 0.0 0.0
разработчик 0.0008628127696289905 0.0 0.0
статистика 0.0008628127696289905 0.0 0.0
заявление 0.0008628127696289905 0.0 0.0
кук 0.0008628127696289905 0.0 0.0
