текущий 0.0181190681622088 5.298317366548036 0.0960005735094985
событие 0.03364969801553063 5.298317366548036 0.17828677937478293
википедия 0.01898188093183779 5.298317366548036 0.10057202939090319
январь 0.03278688524590164 5.298317366548036 0.17371532349337826
февраль 0.14322691975841242 5.298317366548036 0.7588616763131786
март 0.03364969801553063 5.298317366548036 0.17828677937478293
апрель 0.03192407247627265 5.298317366548036 0.16914386761197356
май 0.03364969801553063 5.298317366548036 0.17828677937478293
июнь 0.03192407247627265 5.298317366548036 0.16914386761197356
июль 0.03192407247627265 5.298317366548036 0.16914386761197356
август 0.03192407247627265 5.298317366548036 0.16914386761197356
сентябрь 0.03192407247627265 5.298317366548036 0.16914386761197356
октябрь 0.03192407247627265 5.298317366548036 0.16914386761197356
ноябрь 0.03882657463330457 5.298317366548036 0.20571551466321106
декабрь 0.03192407247627265 5.298317366548036 0.16914386761197356
содержание 0.003451251078515962 5.298317366548036 0.018285823525618763
русский 0.0025884383088869713 5.298317366548036 0.01371436764421407
материал 0.0008628127696289905 5.2832037287379885 0.004558415641706634
свободный 0.0008628127696289905 5.2832037287379885 0.004558415641706634
энциклопедия 0.0008628127696289905 5.2832037287379885 0.004558415641706634
страница 0.04918032786885246 5.298317366548036 0.26057298524006733
проверка 0.0008628127696289905 5.262690188904886 0.00454071629758834
версия 0.009490940465918895 5.298317366548036 0.050286014695451596
это 0.003451251078515962 5.298317366548036 0.018285823525618763
перейти 0.006902502157031924 5.298317366548036 0.03657164705123753
навигация 0.0025884383088869713 5.298317366548036 0.01371436764421407
поиск 0.001725625539257981 5.298317366548036 0.009142911762809382
служебный 0.0060396893874029335 5.298317366548036 0.03200019116983283
чт 0.0008628127696289905 5.298317366548036 0.004571455881404691
вс 0.0008628127696289905 5.298317366548036 0.004571455881404691
представить 0.001725625539257981 5.298317366548036 0.009142911762809382
просмотр 0.008628127696289905 5.298317366548036 0.04571455881404691
обсуждение 0.013805004314063849 5.298317366548036 0.07314329410247505
править 0.007765314926660914 5.298317366548036 0.041143102932642214
список 0.009490940465918895 5.298317366548036 0.050286014695451596
недавно 0.0060396893874029335 5.298317366548036 0.03200019116983283
отсутствовать 0.01898188093183779 5.181783550292085 0.09835999836620006
ссылка 0.0060396893874029335 5.293304824724492 0.03196991697417726
категория 0.0060396893874029335 5.293304824724492 0.03196991697417726
проект 0.006902502157031924 5.298317366548036 0.03657164705123753
стать 0.011216566005176877 5.278114659230517 0.05920232145815075
к 0.0008628127696289905 5.298317366548036 0.004571455881404691
история 0.006902502157031924 5.288267030694535 0.03650227458632984
правка 0.005176876617773943 5.298317366548036 0.02742873528842814
по 0.0008628127696289905 5.298317366548036 0.004571455881404691
на 0.009490940465918895 5.298317366548036 0.050286014695451596
в 0.03278688524590164 5.298317366548036 0.17371532349337826
мы 0.0025884383088869713 5.298317366548036 0.01371436764421407
последний 0.003451251078515962 5.298317366548036 0.018285823525618763
запись 0.0025884383088869713 5.298317366548036 0.01371436764421407
смотреть 0.0025884383088869713 5.298317366548036 0.01371436764421407
также 0.0025884383088869713 5.298317366548036 0.01371436764421407
место 0.001725625539257981 5.298317366548036 0.009142911762809382
с 0.0008628127696289905 5.298317366548036 0.004571455881404691
дело 0.001725625539257981 5.298317366548036 0.009142911762809382
политик 0.0008628127696289905 5.298317366548036 0.004571455881404691
ди 0.0025884383088869713 5.298317366548036 0.01371436764421407
друг 0.001725625539257981 5.298317366548036 0.009142911762809382
часть 0.001725625539257981 5.298317366548036 0.009142911762809382
мочь 0.0025884383088869713 5.288267030694535 0.013688352969873687
указ 0.001725625539257981 5.298317366548036 0.009142911762809382
у 0.001725625539257981 5.298317366548036 0.009142911762809382
ещё 0.001725625539257981 5.298317366548036 0.009142911762809382
всё 0.0008628127696289905 5.298317366548036 0.004571455881404691
как 0.001725625539257981 5.298317366548036 0.009142911762809382
англ 0.0008628127696289905 5.19295685089021 0.004480549483080423
риа 0.003451251078515962 5.298317366548036 0.018285823525618763
что 0.0008628127696289905 5.298317366548036 0.004571455881404691
источник 0.0008628127696289905 5.298317366548036 0.004571455881404691
персональный 0.0008628127696289905 5.298317366548036 0.004571455881404691
инструмент 0.001725625539257981 5.298317366548036 0.009142911762809382
мой 0.001725625539257981 5.298317366548036 0.009142911762809382
представиться 0.0008628127696289905 5.298317366548036 0.004571455881404691
система 0.0025884383088869713 5.298317366548036 0.01371436764421407
вклад 0.0008628127696289905 5.298317366548036 0.004571455881404691
предлагать 0.0008628127696289905 5.298317366548036 0.004571455881404691
создать 0.004314063848144953 5.298317366548036 0.022857279407023454
учётный 0.001725625539257981 5.298317366548036 0.009142911762809382
войти 0.001725625539257981 5.298317366548036 0.009142911762809382
хотя 0.0008628127696289905 5.298317366548036 0.004571455881404691
обязательно 0.0008628127696289905 5.298317366548036 0.004571455881404691
здесь 0.0008628127696289905 5.298317366548036 0.004571455881404691
зарегистрироваться 0.0008628127696289905 5.298317366548036 0.004571455881404691
необязательно 0.0008628127696289905 5.298317366548036 0.004571455881404691
имя 0.0008628127696289905 5.298317366548036 0.004571455881404691
основной 0.0008628127696289905 5.288267030694535 0.00456278432329123
изменить 0.0008628127696289905 5.298317366548036 0.004571455881404691
вариант 0.0008628127696289905 5.298317366548036 0.004571455881404691
читать 0.0008628127696289905 5.2832037287379885 0.004558415641706634
этот 0.0025884383088869713 5.278114659230517 0.013662074182650173
изменение 0.003451251078515962 5.298317366548036 0.018285823525618763
посмотреть 0.001725625539257981 5.298317366548036 0.009142911762809382
текст 0.0025884383088869713 5.298317366548036 0.01371436764421407
журнал 0.0008628127696289905 5.293304824724492 0.004567130996311037
большой 0.0008628127696289905 5.298317366548036 0.004571455881404691
искать 0.0025884383088869713 5.298317366548036 0.01371436764421407
найти 0.001725625539257981 5.298317366548036 0.009142911762809382
содержать 0.0008628127696289905 5.298317366548036 0.004571455881404691
указанный 0.0008628127696289905 5.298317366548036 0.004571455881404691
точность 0.0008628127696289905 5.298317366548036 0.004571455881404691
такой 0.0008628127696289905 5.298317366548036 0.004571455881404691
название 0.0008628127696289905 5.298317366548036 0.004571455881404691
считаться 0.0008628127696289905 5.298317366548036 0.004571455881404691
избранный 0.0008628127696289905 5.298317366548036 0.004571455881404691
случайно 0.0008628127696289905 5.298317366548036 0.004571455881404691
выбрать 0.0008628127696289905 5.298317366548036 0.004571455881404691
случайный 0.0008628127696289905 5.298317366548036 0.004571455881404691
поддержать 0.0008628127696289905 5.298317366548036 0.004571455881404691
пожертвовать 0.0008628127696289905 5.298317366548036 0.004571455881404691
ошибка 0.001725625539257981 5.298317366548036 0.009142911762809382
о 0.0008628127696289905 5.298317366548036 0.004571455881404691
заниматься 0.0008628127696289905 5.298317366548036 0.004571455881404691
сообщество 0.0008628127696289905 5.298317366548036 0.004571455881404691
форум 0.001725625539257981 5.298317366548036 0.009142911762809382
свежий 0.0008628127696289905 5.298317366548036 0.004571455881404691
расположение 0.0008628127696289905 5.298317366548036 0.004571455881404691
справка 0.001725625539257981 5.298317366548036 0.009142911762809382
ссылаться 0.001725625539257981 5.2832037287379885 0.009116831283413267
данный 0.0008628127696289905 5.288267030694535 0.00456278432329123
сюда 0.0008628127696289905 5.288267030694535 0.00456278432329123
связанный 0.001725625539257981 5.278114659230517 0.009108049455100116
постоянный 0.001725625539257981 5.278114659230517 0.009108049455100116
подробный 0.001725625539257981 5.2832037287379885 0.009116831283413267
сведение 0.0008628127696289905 5.2832037287379885 0.004558415641706634
элемент 0.001725625539257981 5.2832037287379885 0.009116831283413267
репозиторий 0.0008628127696289905 5.278114659230517 0.004554024727550058
викидать 0.0008628127696289905 5.2832037287379885 0.004558415641706634
книга 0.001725625539257981 5.278114659230517 0.009108049455100116
коллекция 0.0008628127696289905 5.278114659230517 0.004554024727550058
скачать 0.001725625539257981 5.278114659230517 0.009108049455100116
файл 0.0008628127696289905 5.288267030694535 0.00456278432329123
печать 0.001725625539257981 5.298317366548036 0.009142911762809382
азербайджанский 0.0008628127696289905 4.787491742782046 0.0041307090101657
ковы 0.0008628127696289905 5.298317366548036 0.004571455881404691
википести 0.001725625539257981 5.298317366548036 0.009142911762809382
персидский 0.0008628127696289905 4.762173934797756 0.00410886448213784
японский 0.0008628127696289905 4.852030263919617 0.004186393670336167
корейский 0.0008628127696289905 4.787491742782046 0.0041307090101657
сан 0.0008628127696289905 5.298317366548036 0.004571455881404691
нога 0.0008628127696289905 5.272999558563747 0.004549611353376831
польский 0.0008628127696289905 5.0106352940962555 0.004323240115699962
ву 0.0008628127696289905 5.272999558563747 0.004549611353376831
межъязыковой 0.0008628127696289905 5.236441962829949 0.004518068992950776
отредактировать 0.0008628127696289905 5.278114659230517 0.004554024727550058
доступный 0.0008628127696289905 5.278114659230517 0.004554024727550058
лицензия 0.0008628127696289905 5.278114659230517 0.004554024727550058
отдельный 0.0008628127696289905 5.278114659230517 0.004554024727550058
случай 0.0008628127696289905 5.278114659230517 0.004554024727550058
дополнительный 0.0008628127696289905 5.278114659230517 0.004554024727550058
условие 0.001725625539257981 5.2832037287379885 0.009116831283413267
использование 0.0008628127696289905 5.278114659230517 0.004554024727550058
зарегистрировать 0.0008628127696289905 5.278114659230517 0.004554024727550058
товарный 0.0008628127696289905 5.278114659230517 0.004554024727550058
знак 0.0008628127696289905 5.278114659230517 0.004554024727550058
некоммерческий 0.0008628127696289905 5.278114659230517 0.004554024727550058
организация 0.0008628127696289905 5.278114659230517 0.004554024727550058
конфиденциальность 0.0008628127696289905 5.298317366548036 0.004571455881404691
описание 0.0008628127696289905 5.298317366548036 0.004571455881404691
отказ 0.0008628127696289905 5.298317366548036 0.004571455881404691
ответственность 0.0008628127696289905 5.298317366548036 0.004571455881404691
контакт 0.0008628127696289905 5.298317366548036 0.004571455881404691
связаться 0.0008628127696289905 5.298317366548036 0.004571455881404691
мобильный 0.0008628127696289905 5.298317366548036 0.004571455881404691
разработчик 0.0008628127696289905 5.298317366548036 0.004571455881404691
статистика 0.0008628127696289905 5.298317366548036 0.004571455881404691
заявление 0.0008628127696289905 5.298317366548036 0.004571455881404691
кук 0.0008628127696289905 5.298317366548036 0.004571455881404691
