текущий 0.0181190681622088 0.0 0.0
событие 0.03364969801553063 0.0 0.0
википедия 0.01898188093183779 0.0 0.0
январь 0.03278688524590164 0.0 0.0
февраль 0.14322691975841242 0.0 0.0
март 0.03364969801553063 0.0 0.0
апрель 0.03192407247627265 0.0 0.0
май 0.03364969801553063 0.0 0.0
июнь 0.03192407247627265 0.0 0.0
июль 0.03192407247627265 0.0 0.0
август 0.03192407247627265 0.0 0.0
сентябрь 0.03192407247627265 0.0 0.0
октябрь 0.03192407247627265 0.0 0.0
ноябрь 0.03882657463330457 0.0 0.0
декабрь 0.03192407247627265 0.0 0.0
содержание 0.003451251078515962 0.0 0.0
русский 0.0025884383088869713 0.0 0.0
материал 0.0008628127696289905 0.03045920748470844 2.6280593170585366e-05
свободный 0.0008628127696289905 0.03045920748470844 2.6280593170585366e-05
энциклопедия 0.0008628127696289905 0.03045920748470844 2.6280593170585366e-05
страница 0.04918032786885246 0.0 0.0
проверка 0.0008628127696289905 0.07257069283483537 6.261492047871905e-05
версия 0.009490940465918895 0.0 0.0
это 0.003451251078515962 0.0 0.0
перейти 0.006902502157031924 0.0 0.0
навигация 0.0025884383088869713 0.0 0.0
поиск 0.001725625539257981 0.0 0.0
служебный 0.0060396893874029335 0.0 0.0
чт 0.0008628127696289905 0.0 0.0
вс 0.0008628127696289905 0.0 0.0
статья 0.012079378774805867 0.0 0.0
представить 0.001725625539257981 0.0 0.0
шаблон 0.01898188093183779 0.0408219945202552 0.0007748782393836189
просмотр 0.008628127696289905 0.0 0.0
обсуждение 0.013805004314063849 0.0 0.0
править 0.007765314926660914 0.0 0.0
список 0.009490940465918895 0.0 0.0
недавно 0.0060396893874029335 0.0 0.0
отсутствовать 0.01898188093183779 0.24846135929849972 0.00471626393836669
язык 0.03537532355478861 0.0 0.0
другой 0.001725625539257981 0.0 0.0
ссылка 0.0060396893874029335 0.010050335853501506 6.070090679422825e-05
категория 0.0060396893874029335 0.010050335853501506 6.070090679422825e-05
проект 0.006902502157031924 0.0 0.0
стать 0.011216566005176877 0.0408219945202552 0.00045788259599941123
к 0.0008628127696289905 0.0 0.0
история 0.006902502157031924 0.02020270731751947 0.00013944923083706277
правка 0.005176876617773943 0.0 0.0
мир 0.03364969801553063 0.0 0.0
по 0.0008628127696289905 0.0 0.0
на 0.009490940465918895 0.0 0.0
в 0.03278688524590164 0.0 0.0
мы 0.0025884383088869713 0.0 0.0
последний 0.003451251078515962 0.0 0.0
запись 0.0025884383088869713 0.0 0.0
смотреть 0.0025884383088869713 0.0 0.0
также 0.0025884383088869713 0.0 0.0
место 0.001725625539257981 0.0 0.0
с 0.0008628127696289905 0.0 0.0
пример 0.0008628127696289905 2.207274913189721 0.001904464981181813
дело 0.001725625539257981 0.0 0.0
политик 0.0008628127696289905 0.0 0.0
ди 0.0025884383088869713 0.0 0.0
друг 0.001725625539257981 0.0 0.0
данные 0.001725625539257981 0.0 0.0
часть 0.001725625539257981 0.0 0.0
мочь 0.0025884383088869713 0.02020270731751947 5.2293461563898534e-05
указ 0.001725625539257981 0.0 0.0
у 0.001725625539257981 0.0 0.0
ещё 0.001725625539257981 0.0 0.0
всё 0.0008628127696289905 0.0 0.0
примечание 0.0025884383088869713 0.3011050927839216 0.0007793919571628687
как 0.001725625539257981 0.0 0.0
норв 0.0008628127696289905 0.9416085398584451 0.0008124318721815748
свидетельство 0.0008628127696289905 3.912023005428146 0.003375343404165786
помочь 0.0008628127696289905 1.6094379124341003 0.001388643582773167
англ 0.0008628127696289905 0.22314355131420976 0.0001925311055342621
риа 0.003451251078515962 0.0 0.0
при 0.0008628127696289905 0.127833371509885 0.00011029626532345556
что 0.0008628127696289905 0.0 0.0
источник 0.0008628127696289905 0.0 0.0
персональный 0.0008628127696289905 0.0 0.0
инструмент 0.001725625539257981 0.0 0.0
мой 0.001725625539257981 0.0 0.0
представиться 0.0008628127696289905 0.0 0.0
система 0.0025884383088869713 0.0 0.0
вклад 0.0008628127696289905 0.0 0.0
предлагать 0.0008628127696289905 0.0 0.0
создать 0.004314063848144953 0.0 0.0
учётный 0.001725625539257981 0.0 0.0
войти 0.001725625539257981 0.0 0.0
хотя 0.0008628127696289905 0.0 0.0
обязательно 0.0008628127696289905 0.0 0.0
здесь 0.0008628127696289905 0.0 0.0
зарегистрироваться 0.0008628127696289905 0.0 0.0
необязательно 0.0008628127696289905 0.0 0.0
имя 0.0008628127696289905 0.0 0.0
основной 0.0008628127696289905 0.02020270731751947 1.7431153854632847e-05
изменить 0.0008628127696289905 0.0 0.0
вариант 0.0008628127696289905 0.0 0.0
читать 0.0008628127696289905 0.03045920748470844 2.6280593170585366e-05
этот 0.0025884383088869713 0.0408219945202552 0.00010566521446140257
изменение 0.003451251078515962 0.0 0.0
посмотреть 0.001725625539257981 0.0 0.0
текст 0.0025884383088869713 0.0 0.0
журнал 0.0008628127696289905 0.010050335853501506 8.67155811346118e-06
большой 0.0008628127696289905 0.0 0.0
искать 0.0025884383088869713 0.0 0.0
найти 0.001725625539257981 0.0 0.0
содержать 0.0008628127696289905 0.0 0.0
указанный 0.0008628127696289905 0.0 0.0
точность 0.0008628127696289905 0.0 0.0
такой 0.0008628127696289905 0.0 0.0
название 0.0008628127696289905 0.0 0.0
считаться 0.0008628127696289905 0.0 0.0
избранный 0.0008628127696289905 0.0 0.0
случайно 0.0008628127696289905 0.0 0.0
выбрать 0.0008628127696289905 0.0 0.0
случайный 0.0008628127696289905 0.0 0.0
поддержать 0.0008628127696289905 0.0 0.0
пожертвовать 0.0008628127696289905 0.0 0.0
ошибка 0.001725625539257981 0.0 0.0
о 0.0008628127696289905 0.0 0.0
заниматься 0.0008628127696289905 0.0 0.0
сообщество 0.0008628127696289905 0.0 0.0
форум 0.001725625539257981 0.0 0.0
свежий 0.0008628127696289905 0.0 0.0
расположение 0.0008628127696289905 0.0 0.0
справка 0.001725625539257981 0.0 0.0
ссылаться 0.001725625539257981 0.03045920748470844 5.256118634117073e-05
данный 0.0008628127696289905 0.02020270731751947 1.7431153854632847e-05
сюда 0.0008628127696289905 0.02020270731751947 1.7431153854632847e-05
связанный 0.001725625539257981 0.0408219945202552 7.044347630760173e-05
постоянный 0.001725625539257981 0.0408219945202552 7.044347630760173e-05
подробный 0.001725625539257981 0.03045920748470844 5.256118634117073e-05
сведение 0.0008628127696289905 0.03045920748470844 2.6280593170585366e-05
элемент 0.001725625539257981 0.03045920748470844 5.256118634117073e-05
репозиторий 0.0008628127696289905 0.0408219945202552 3.522173815380087e-05
викидать 0.0008628127696289905 0.03045920748470844 2.6280593170585366e-05
книга 0.001725625539257981 0.0408219945202552 7.044347630760173e-05
коллекция 0.0008628127696289905 0.0408219945202552 3.522173815380087e-05
скачать 0.001725625539257981 0.0408219945202552 7.044347630760173e-05
файл 0.0008628127696289905 0.02020270731751947 1.7431153854632847e-05
печать 0.001725625539257981 0.0 0.0
ковы 0.0008628127696289905 0.0 0.0
чешский 0.0008628127696289905 0.9942522733438669 0.0008578535576737419
википести 0.001725625539257981 0.0 0.0
сан 0.0008628127696289905 0.0 0.0
нога 0.0008628127696289905 0.05129329438755048 4.425650939391759e-05
украинский 0.0008628127696289905 0.6931471805599453 0.0005980562386194523
українська 0.0008628127696289905 1.0498221244986776 0.0009057999348564949
ву 0.0008628127696289905 0.05129329438755048 4.425650939391759e-05
межъязыковой 0.0008628127696289905 0.127833371509885 0.00011029626532345556
отредактировать 0.0008628127696289905 0.0408219945202552 3.522173815380087e-05
доступный 0.0008628127696289905 0.0408219945202552 3.522173815380087e-05
лицензия 0.0008628127696289905 0.0408219945202552 3.522173815380087e-05
отдельный 0.0008628127696289905 0.0408219945202552 3.522173815380087e-05
случай 0.0008628127696289905 0.0408219945202552 3.522173815380087e-05
дополнительный 0.0008628127696289905 0.0408219945202552 3.522173815380087e-05
условие 0.001725625539257981 0.03045920748470844 5.256118634117073e-05
использование 0.0008628127696289905 0.0408219945202552 3.522173815380087e-05
зарегистрировать 0.0008628127696289905 0.0408219945202552 3.522173815380087e-05
товарный 0.0008628127696289905 0.0408219945202552 3.522173815380087e-05
знак 0.0008628127696289905 0.0408219945202552 3.522173815380087e-05
некоммерческий 0.0008628127696289905 0.0408219945202552 3.522173815380087e-05
организация 0.0008628127696289905 0.0408219945202552 3.522173815380087e-05
конфиденциальность 0.0008628127696289905 0.0 0.0
описание 0.0008628127696289905 0.0 0.0
отказ 0.0008628127696289905 0.0 0.0
ответственность 0.0008628127696289905 0.0 0.0
контакт 0.0008628127696289905 0.0 0.0
связаться 0.0008628127696289905 0.0 0.0
мобильный 0.0008628127696289905 0.0 0.0
разработчик 0.0008628127696289905 0.0 0.0
статистика 0.0008628127696289905 0.0 0.0
заявление 0.0008628127696289905 0.0 0.0
кук 0.0008628127696289905 0.0 0.0
карточка 0.0008628127696289905 0.3147107448397002 0.00027153644938714426
