портал 0.01984469370146678 2.302585092994046 0.045694095892030245
текущий 0.0181190681622088 0.0 0.0
событие 0.03364969801553063 0.0 0.0
википедия 0.01898188093183779 0.0 0.0
январь 0.03278688524590164 0.0 0.0
февраль 0.14322691975841242 0.0 0.0
март 0.03364969801553063 0.0 0.0
апрель 0.03192407247627265 0.0 0.0
май 0.03364969801553063 0.0 0.0
июнь 0.03192407247627265 0.0 0.0
июль 0.03192407247627265 0.0 0.0
август 0.03192407247627265 0.0 0.0
сентябрь 0.03192407247627265 0.0 0.0
октябрь 0.03192407247627265 0.0 0.0
ноябрь 0.03882657463330457 0.0 0.0
декабрь 0.03192407247627265 0.0 0.0
текущие_событие 0.003451251078515962 4.605170185988092 0.015893598571140956
содержание 0.003451251078515962 0.0 0.0
русский 0.0025884383088869713 0.0 0.0
материал 0.0008628127696289905 0.03045920748470844 2.6280593170585366e-05
свободный 0.0008628127696289905 0.03045920748470844 2.6280593170585366e-05
энциклопедия 0.0008628127696289905 0.03045920748470844 2.6280593170585366e-05
страница 0.04918032786885246 0.0 0.0
требовать 0.0008628127696289905 1.1086626245216111 0.0009565682696476369
проверка 0.0008628127696289905 0.07257069283483537 6.261492047871905e-05
отпатрулировать 0.001725625539257981 2.5257286443082556 0.004358461853853763
версия 0.009490940465918895 0.0 0.0
подробность 0.0008628127696289905 0.9675840262617057 0.0008348438535476322
это 0.003451251078515962 0.0 0.0
патрулирование 0.0008628127696289905 2.5257286443082556 0.0021792309269268815
стабильный 0.0008628127696289905 2.5257286443082556 0.0021792309269268815
перейти 0.006902502157031924 0.0 0.0
навигация 0.0025884383088869713 0.0 0.0
поиск 0.001725625539257981 0.0 0.0
сейчас 0.0008628127696289905 3.912023005428146 0.003375343404165786
время 0.0025884383088869713 1.9661128563728327 0.005089161837030628
дата 0.03192407247627265 0.5621189181535412 0.017945125083417623
год 0.2286453839516825 0.23572233352106994 0.05389682345391159
служебный 0.0060396893874029335 0.0 0.0
кэш 0.0008628127696289905 3.506557897319982 0.003025502931251063
месяц 0.008628127696289905 3.2188758248682006 0.027772871655463337
пн 0.0008628127696289905 2.302585092994046 0.0019866998213926195
вт 0.0008628127696289905 0.8209805520698303 0.000708352503942908
сравнить 0.0008628127696289905 0.49429632181478017 0.0004264851784424333
чт 0.0008628127696289905 0.0 0.0
сб 0.0008628127696289905 1.9661128563728327 0.0016963872790102094
вс 0.0008628127696289905 0.0 0.0
кино 0.001725625539257981 1.4271163556401458 0.0024626684307854116
викиновость 0.007765314926660914 2.120263536200091 0.01646451408610942
получить 0.005176876617773943 1.9661128563728327 0.010178323674061256
суд 0.004314063848144953 2.120263536200091 0.00914695227006079
статья 0.012079378774805867 0.0 0.0
представить 0.001725625539257981 0.0 0.0
мост 0.001725625539257981 1.4271163556401458 0.0024626684307854116
умереть 0.001725625539257981 2.8134107167600364 0.0048548933852632205
шаблон 0.01898188093183779 0.0408219945202552 0.0007748782393836189
актуальный 0.004314063848144953 4.605170185988092 0.019866998213926193
просмотр 0.008628127696289905 0.0 0.0
обсуждение 0.013805004314063849 0.0 0.0
править 0.007765314926660914 0.0 0.0
список 0.009490940465918895 0.0 0.0
умерший 0.007765314926660914 3.506557897319982 0.027229526381259566
недавно 0.0060396893874029335 0.0 0.0
отсутствовать 0.01898188093183779 0.24846135929849972 0.00471626393836669
английский 0.006902502157031924 0.24846135929849972 0.0017150050684969782
язык 0.03537532355478861 0.0 0.0
иванович 0.003451251078515962 3.2188758248682006 0.011109148662185335
другой 0.001725625539257981 0.0 0.0
ссылка 0.0060396893874029335 0.010050335853501506 6.070090679422825e-05
категория 0.0060396893874029335 0.010050335853501506 6.070090679422825e-05
проект 0.006902502157031924 0.0 0.0
перевод 0.001725625539257981 1.3862943611198906 0.0023922249544778094
стать 0.011216566005176877 0.0408219945202552 0.00045788259599941123
к 0.0008628127696289905 0.0 0.0
история 0.006902502157031924 0.02020270731751947 0.00013944923083706277
викимедиа 0.0008628127696289905 3.506557897319982 0.003025502931251063
заглавный 0.0060396893874029335 0.0 0.0
правка 0.005176876617773943 0.0 0.0
кандидат 0.0008628127696289905 3.2188758248682006 0.002777287165546334
блокада 0.001725625539257981 4.605170185988092 0.007946799285570478
нагорный 0.001725625539257981 4.605170185988092 0.007946799285570478
карабах 0.001725625539257981 4.605170185988092 0.007946799285570478
вторжение 0.003451251078515962 4.605170185988092 0.015893598571140956
россия 0.008628127696289905 1.3862943611198906 0.011961124772389047
украина 0.004314063848144953 3.912023005428146 0.016876717020828932
протест 0.0025884383088869713 3.912023005428146 0.010126030212497358
перу 0.001725625539257981 3.912023005428146 0.006750686808331572
чемпионат 0.031061259706643658 3.912023005428146 0.12151236254996829
мир 0.03364969801553063 0.0 0.0
лыжный 0.010353753235547885 4.605170185988092 0.04768079571342286
вид 0.0060396893874029335 2.995732273553991 0.0180932924200845
фристайл 0.007765314926660914 4.605170185988092 0.03576059678506715
сноуборд 0.0060396893874029335 4.605170185988092 0.02781379749949667
кейт 0.003451251078515962 3.912023005428146 0.013501373616663145
бланшетта 0.003451251078515962 4.605170185988092 0.015893598571140956
по 0.0008628127696289905 0.0 0.0
погибнуть 0.012942191544434857 4.605170185988092 0.05960099464177858
результат 0.011216566005176877 0.1392620673335076 0.0015620421702636745
приз 0.001725625539257981 2.995732273553991 0.005169512120024144
на 0.009490940465918895 0.0 0.0
премия 0.008628127696289905 3.506557897319982 0.030255029312510628
хороший 0.012942191544434857 0.0 0.0
режиссура 0.003451251078515962 4.605170185988092 0.015893598571140956
фильм 0.009490940465918895 2.120263536200091 0.020123294994133737
в 0.03278688524590164 0.0 0.0
землетрясение 0.010353753235547885 3.912023005428146 0.04050412084998943
турция 0.008628127696289905 4.605170185988092 0.039733996427852386
сирия 0.005176876617773943 4.605170185988092 0.02384039785671143
сам 0.001725625539257981 3.2188758248682006 0.005554574331092668
разрушительный 0.0008628127696289905 4.605170185988092 0.003973399642785239
территория 0.001725625539257981 3.2188758248682006 0.005554574331092668
провинция 0.0008628127696289905 4.605170185988092 0.003973399642785239
ввести 0.0008628127696289905 4.605170185988092 0.003973399642785239
чрезвычайный 0.0008628127696289905 4.605170185988092 0.003973399642785239
положение 0.0008628127696289905 3.912023005428146 0.003375343404165786
срок 0.0008628127696289905 4.605170185988092 0.003973399642785239
церемония 0.0025884383088869713 4.605170185988092 0.011920198928355715
вручение 0.001725625539257981 4.605170185988092 0.007946799285570478
награда 0.003451251078515962 2.995732273553991 0.010339024240048287
западный 0.003451251078515962 4.605170185988092 0.015893598571140956
фронт 0.0025884383088869713 4.605170185988092 0.011920198928355715
перемена 0.001725625539257981 3.506557897319982 0.006051005862502126
бергер 0.001725625539257981 3.912023005428146 0.006750686808331572
эдвард 0.001725625539257981 3.912023005428146 0.006750686808331572
мужской 0.001725625539257981 3.506557897319982 0.006051005862502126
роль 0.0025884383088869713 2.659260036932778 0.006883330552888985
батлер 0.001725625539257981 3.912023005428146 0.006750686808331572
остин 0.001725625539257981 3.912023005428146 0.006750686808331572
элвис 0.001725625539257981 4.605170185988092 0.007946799285570478
женский 0.001725625539257981 4.605170185988092 0.007946799285570478
тара 0.001725625539257981 0.8915981192837835 0.0015385644853904807
илл 0.0008628127696289905 1.8971199848858813 0.001636859348477896
документальный 0.0008628127696289905 4.605170185988092 0.003973399642785239
удостоиться 0.0008628127696289905 4.605170185988092 0.003973399642785239
навальный 0.001725625539257981 3.912023005428146 0.006750686808331572
норвежец 0.005176876617773943 4.605170185988092 0.02384039785671143
бё 0.003451251078515962 3.2188758248682006 0.011109148662185335
йоханнес 0.004314063848144953 4.605170185988092 0.019866998213926193
тиннеса 0.003451251078515962 4.605170185988092 0.015893598571140956
первый 0.005176876617773943 2.407945608651872 0.01246563731830132
мужчина 0.001725625539257981 3.506557897319982 0.006051005862502126
завоевать 0.0025884383088869713 4.605170185988092 0.011920198928355715
медаль 0.003451251078515962 3.2188758248682006 0.011109148662185335
один 0.001725625539257981 0.03045920748470844 5.256118634117073e-05
биатлон 0.003451251078515962 4.605170185988092 0.015893598571140956
нападение 0.001725625539257981 3.912023005428146 0.006750686808331572
боевик 0.0008628127696289905 4.605170185988092 0.003973399642785239
исламский 0.001725625539257981 4.605170185988092 0.007946799285570478
государство 0.001725625539257981 3.912023005428146 0.006750686808331572
каждый 0.0008628127696289905 4.605170185988092 0.003973399642785239
свой 0.0025884383088869713 2.5257286443082556 0.006537692780780644
новость 0.007765314926660914 2.120263536200091 0.01646451408610942
мы 0.0025884383088869713 0.0 0.0
последний 0.003451251078515962 0.0 0.0
запись 0.0025884383088869713 0.0 0.0
наиболее 0.0008628127696289905 2.407945608651872 0.0020776062197168867
смотреть 0.0025884383088869713 0.0 0.0
также 0.0025884383088869713 0.0 0.0
футбол 0.001725625539257981 3.2188758248682006 0.005554574331092668
несколько 0.001725625539257981 2.8134107167600364 0.0048548933852632205
место 0.001725625539257981 0.0 0.0
высота 0.0008628127696289905 4.605170185988092 0.003973399642785239
свыше 0.0008628127696289905 4.605170185988092 0.003973399642785239
финал 0.010353753235547885 3.506557897319982 0.03630603517501275
счёт 0.0060396893874029335 4.605170185988092 0.02781379749949667
среди 0.0008628127696289905 1.4696759700589417 0.001268055194183729
день 0.0008628127696289905 2.0402208285265546 0.0017603285837157505
начало 0.0008628127696289905 2.407945608651872 0.0020776062197168867
с 0.0008628127696289905 0.0 0.0
китай 0.004314063848144953 1.7147984280919266 0.0073977499054871726
пуск 0.0008628127696289905 2.995732273553991 0.002584756060012072
работа 0.001725625539257981 0.0 0.0
второй 0.0025884383088869713 2.302585092994046 0.0059600994641778576
впервые 0.007765314926660914 2.659260036932778 0.020649991658666954
восточный 0.001725625539257981 3.2188758248682006 0.005554574331092668
век 0.001725625539257981 0.8209805520698303 0.001416705007885816
пример 0.0008628127696289905 2.207274913189721 0.001904464981181813
мексика 0.0025884383088869713 3.2188758248682006 0.008331861496639
дело 0.001725625539257981 0.0 0.0
политик 0.0008628127696289905 0.0 0.0
клуб 0.0060396893874029335 2.8134107167600364 0.016992126848421274
ди 0.0025884383088869713 0.0 0.0
сделать 0.001725625539257981 0.0 0.0
друг 0.001725625539257981 0.0 0.0
рот 0.001725625539257981 1.6607312068216509 0.002865800184334169
берег 0.0025884383088869713 3.506557897319982 0.009076508793753187
работать 0.0008628127696289905 3.912023005428146 0.003375343404165786
часть 0.001725625539257981 0.0 0.0
мочь 0.0025884383088869713 0.02020270731751947 5.2293461563898534e-05
новый 0.0025884383088869713 0.0 0.0
действие 0.0008628127696289905 3.912023005428146 0.003375343404165786
указ 0.001725625539257981 0.0 0.0
у 0.001725625539257981 0.0 0.0
реал 0.001725625539257981 2.8134107167600364 0.0048548933852632205
мадрид 0.0008628127696289905 4.605170185988092 0.003973399642785239
ход 0.0008628127696289905 3.506557897319982 0.003025502931251063
здание 0.0008628127696289905 3.912023005428146 0.003375343404165786
штат 0.0025884383088869713 2.8134107167600364 0.00728234007789483
франция 0.0008628127696289905 2.302585092994046 0.0019866998213926195
число 0.0025884383088869713 1.5141277326297755 0.003919226227687081
ещё 0.001725625539257981 0.0 0.0
южный 0.0008628127696289905 3.912023005428146 0.003375343404165786
финский 0.001725625539257981 0.9675840262617057 0.0016696877070952645
шведский 0.001725625539257981 1.0216512475319812 0.0017629874849559642
всё 0.0008628127696289905 0.0 0.0
неопр 0.027610008628127698 0.7765287894989963 0.021439966578056843
как 0.001725625539257981 0.0 0.0
норв 0.0008628127696289905 0.9416085398584451 0.0008124318721815748
падение 0.0008628127696289905 3.912023005428146 0.003375343404165786
известный 0.0008628127696289905 1.3862943611198906 0.0011961124772389047
англ 0.0008628127696289905 0.22314355131420976 0.0001925311055342621
риа 0.003451251078515962 0.0 0.0
при 0.0008628127696289905 0.127833371509885 0.00011029626532345556
сша 0.0025884383088869713 1.8971199848858813 0.004910578045433687
что 0.0008628127696289905 0.0 0.0
вы 0.0025884383088869713 0.0 0.0
бе 0.0008628127696289905 0.19845093872383823 0.00017122600407578796
эй 0.0008628127696289905 2.5257286443082556 0.0021792309269268815
источник 0.0008628127696289905 0.0 0.0
персональный 0.0008628127696289905 0.0 0.0
инструмент 0.001725625539257981 0.0 0.0
мой 0.001725625539257981 0.0 0.0
представиться 0.0008628127696289905 0.0 0.0
система 0.0025884383088869713 0.0 0.0
вклад 0.0008628127696289905 0.0 0.0
предлагать 0.0008628127696289905 0.0 0.0
создать 0.004314063848144953 0.0 0.0
учётный 0.001725625539257981 0.0 0.0
войти 0.001725625539257981 0.0 0.0
хотя 0.0008628127696289905 0.0 0.0
обязательно 0.0008628127696289905 0.0 0.0
здесь 0.0008628127696289905 0.0 0.0
зарегистрироваться 0.0008628127696289905 0.0 0.0
необязательно 0.0008628127696289905 0.0 0.0
имя 0.0008628127696289905 0.0 0.0
основной 0.0008628127696289905 0.02020270731751947 1.7431153854632847e-05
изменить 0.0008628127696289905 0.0 0.0
вариант 0.0008628127696289905 0.0 0.0
читать 0.0008628127696289905 0.03045920748470844 2.6280593170585366e-05
этот 0.0025884383088869713 0.0408219945202552 0.00010566521446140257
защитить 0.0008628127696289905 2.120263536200091 0.001829390454012158
изменение 0.003451251078515962 0.0 0.0
посмотреть 0.001725625539257981 0.0 0.0
её 0.0008628127696289905 1.171182981502945 0.0010105116320128949
исходный 0.0008628127696289905 2.120263536200091 0.001829390454012158
текст 0.0025884383088869713 0.0 0.0
код 0.0008628127696289905 2.120263536200091 0.001829390454012158
журнал 0.0008628127696289905 0.010050335853501506 8.67155811346118e-06
большой 0.0008628127696289905 0.0 0.0
искать 0.0025884383088869713 0.0 0.0
найти 0.001725625539257981 0.0 0.0
содержать 0.0008628127696289905 0.0 0.0
указанный 0.0008628127696289905 0.0 0.0
точность 0.0008628127696289905 0.0 0.0
такой 0.0008628127696289905 0.0 0.0
название 0.0008628127696289905 0.0 0.0
считаться 0.0008628127696289905 0.0 0.0
избранный 0.0008628127696289905 0.0 0.0
случайно 0.0008628127696289905 0.0 0.0
выбрать 0.0008628127696289905 0.0 0.0
случайный 0.0008628127696289905 0.0 0.0
поддержать 0.0008628127696289905 0.0 0.0
пожертвовать 0.0008628127696289905 0.0 0.0
ошибка 0.001725625539257981 0.0 0.0
о 0.0008628127696289905 0.0 0.0
заниматься 0.0008628127696289905 0.0 0.0
сообщество 0.0008628127696289905 0.0 0.0
форум 0.001725625539257981 0.0 0.0
свежий 0.0008628127696289905 0.0 0.0
расположение 0.0008628127696289905 0.0 0.0
справка 0.001725625539257981 0.0 0.0
ссылаться 0.001725625539257981 0.03045920748470844 5.256118634117073e-05
данный 0.0008628127696289905 0.02020270731751947 1.7431153854632847e-05
сюда 0.0008628127696289905 0.02020270731751947 1.7431153854632847e-05
связанный 0.001725625539257981 0.0408219945202552 7.044347630760173e-05
постоянный 0.001725625539257981 0.0408219945202552 7.044347630760173e-05
подробный 0.001725625539257981 0.03045920748470844 5.256118634117073e-05
сведение 0.0008628127696289905 0.03045920748470844 2.6280593170585366e-05
элемент 0.001725625539257981 0.03045920748470844 5.256118634117073e-05
репозиторий 0.0008628127696289905 0.0408219945202552 3.522173815380087e-05
викидать 0.0008628127696289905 0.03045920748470844 2.6280593170585366e-05
книга 0.001725625539257981 0.0408219945202552 7.044347630760173e-05
коллекция 0.0008628127696289905 0.0408219945202552 3.522173815380087e-05
скачать 0.001725625539257981 0.0408219945202552 7.044347630760173e-05
файл 0.0008628127696289905 0.02020270731751947 1.7431153854632847e-05
печать 0.001725625539257981 0.0 0.0
азербайджанский 0.0008628127696289905 1.6094379124341003 0.001388643582773167
башкирский 0.0008628127696289905 2.659260036932778 0.002294443517629662
башҡортс 0.0008628127696289905 2.8134107167600364 0.0024274466926316103
белорусский 0.0008628127696289905 0.9675840262617057 0.0008348438535476322
беларускать 0.0008628127696289905 2.207274913189721 0.001904464981181813
ковы 0.0008628127696289905 0.0 0.0
чеченский 0.0008628127696289905 2.8134107167600364 0.0024274466926316103
нохчийна 0.0008628127696289905 2.8134107167600364 0.0024274466926316103
чешский 0.0008628127696289905 0.9942522733438669 0.0008578535576737419
википести 0.001725625539257981 0.0 0.0
чувашский 0.0008628127696289905 2.8134107167600364 0.0024274466926316103
чӑваидти 0.0008628127696289905 2.995732273553991 0.002584756060012072
датский 0.0008628127696289905 1.7719568419318754 0.0015288669904502809
греческий 0.0008628127696289905 0.7133498878774648 0.0006154873924740853
персидский 0.0008628127696289905 1.7719568419318754 0.0015288669904502809
армянский 0.0008628127696289905 1.5606477482646683 0.001346546806095486
японский 0.0008628127696289905 1.2729656758128876 0.0010983310403907573
казахский 0.0008628127696289905 2.8134107167600364 0.0024274466926316103
корейский 0.0008628127696289905 1.6094379124341003 0.001388643582773167
литовский 0.0008628127696289905 1.7719568419318754 0.0015288669904502809
сан 0.0008628127696289905 0.0 0.0
нидерландский 0.0008628127696289905 1.6607312068216509 0.0014329000921670845
нога 0.0008628127696289905 0.05129329438755048 4.425650939391759e-05
осетинский 0.0008628127696289905 2.995732273553991 0.002584756060012072
ирон 0.0008628127696289905 2.407945608651872 0.0020776062197168867
польский 0.0008628127696289905 0.6931471805599453 0.0005980562386194523
румынский 0.0008628127696289905 1.5141277326297755 0.0013064087425623603
сербский 0.0008628127696289905 1.3862943611198906 0.0011961124772389047
српски 0.0008628127696289905 1.8971199848858813 0.001636859348477896
тайский 0.0008628127696289905 1.7147984280919266 0.0014795499810974346
татарский 0.0008628127696289905 2.207274913189721 0.001904464981181813
татарча 0.0008628127696289905 2.5257286443082556 0.0021792309269268815
украинский 0.0008628127696289905 0.6931471805599453 0.0005980562386194523
українська 0.0008628127696289905 1.0498221244986776 0.0009057999348564949
вьетнамский 0.0008628127696289905 2.302585092994046 0.0019866998213926195
ву 0.0008628127696289905 0.05129329438755048 4.425650939391759e-05
китайский 0.0008628127696289905 1.7147984280919266 0.0014795499810974346
отредактировать 0.0008628127696289905 0.0408219945202552 3.522173815380087e-05
доступный 0.0008628127696289905 0.0408219945202552 3.522173815380087e-05
лицензия 0.0008628127696289905 0.0408219945202552 3.522173815380087e-05
отдельный 0.0008628127696289905 0.0408219945202552 3.522173815380087e-05
случай 0.0008628127696289905 0.0408219945202552 3.522173815380087e-05
дополнительный 0.0008628127696289905 0.0408219945202552 3.522173815380087e-05
условие 0.001725625539257981 0.03045920748470844 5.256118634117073e-05
использование 0.0008628127696289905 0.0408219945202552 3.522173815380087e-05
зарегистрировать 0.0008628127696289905 0.0408219945202552 3.522173815380087e-05
товарный 0.0008628127696289905 0.0408219945202552 3.522173815380087e-05
знак 0.0008628127696289905 0.0408219945202552 3.522173815380087e-05
некоммерческий 0.0008628127696289905 0.0408219945202552 3.522173815380087e-05
организация 0.0008628127696289905 0.0408219945202552 3.522173815380087e-05
конфиденциальность 0.0008628127696289905 0.0 0.0
описание 0.0008628127696289905 0.0 0.0
отказ 0.0008628127696289905 0.0 0.0
ответственность 0.0008628127696289905 0.0 0.0
контакт 0.0008628127696289905 0.0 0.0
связаться 0.0008628127696289905 0.0 0.0
мобильный 0.0008628127696289905 0.0 0.0
разработчик 0.0008628127696289905 0.0 0.0
статистика 0.0008628127696289905 0.0 0.0
заявление 0.0008628127696289905 0.0 0.0
кук 0.0008628127696289905 0.0 0.0
