текущий 0.0181190681622088 0.0 0.0
событие 0.03364969801553063 0.0 0.0
википедия 0.01898188093183779 0.0 0.0
январь 0.03278688524590164 0.0 0.0
февраль 0.14322691975841242 0.0 0.0
март 0.03364969801553063 0.0 0.0
апрель 0.03192407247627265 0.0 0.0
май 0.03364969801553063 0.0 0.0
июнь 0.03192407247627265 0.0 0.0
июль 0.03192407247627265 0.0 0.0
август 0.03192407247627265 0.0 0.0
сентябрь 0.03192407247627265 0.0 0.0
октябрь 0.03192407247627265 0.0 0.0
ноябрь 0.03882657463330457 0.0 0.0
декабрь 0.03192407247627265 0.0 0.0
содержание 0.003451251078515962 0.0 0.0
русский 0.0025884383088869713 0.0 0.0
страница 0.04918032786885246 0.0 0.0
версия 0.009490940465918895 0.0 0.0
это 0.003451251078515962 0.0 0.0
перейти 0.006902502157031924 0.0 0.0
навигация 0.0025884383088869713 0.0 0.0
поиск 0.001725625539257981 0.0 0.0
год 0.2286453839516825 0.23572233352106994 0.05389682345391159
служебный 0.0060396893874029335 0.0 0.0
пн 0.0008628127696289905 2.302585092994046 0.0019866998213926195
сравнить 0.0008628127696289905 0.49429632181478017 0.0004264851784424333
чт 0.0008628127696289905 0.0 0.0
вс 0.0008628127696289905 0.0 0.0
тысяча 0.004314063848144953 2.407945608651872 0.010388031098584435
представить 0.001725625539257981 0.0 0.0
просмотр 0.008628127696289905 0.0 0.0
обсуждение 0.013805004314063849 0.0 0.0
править 0.007765314926660914 0.0 0.0
список 0.009490940465918895 0.0 0.0
недавно 0.0060396893874029335 0.0 0.0
отсутствовать 0.01898188093183779 0.24846135929849972 0.00471626393836669
категория 0.0060396893874029335 0.010050335853501506 6.070090679422825e-05
проект 0.006902502157031924 0.0 0.0
к 0.0008628127696289905 0.0 0.0
правка 0.005176876617773943 0.0 0.0
по 0.0008628127696289905 0.0 0.0
на 0.009490940465918895 0.0 0.0
в 0.03278688524590164 0.0 0.0
мы 0.0025884383088869713 0.0 0.0
запись 0.0025884383088869713 0.0 0.0
смотреть 0.0025884383088869713 0.0 0.0
также 0.0025884383088869713 0.0 0.0
иран 0.003451251078515962 2.659260036932778 0.009177774070518648
место 0.001725625539257981 0.0 0.0
с 0.0008628127696289905 0.0 0.0
ближний 0.0008628127696289905 4.605170185988092 0.003973399642785239
восток 0.0008628127696289905 4.605170185988092 0.003973399642785239
дело 0.001725625539257981 0.0 0.0
политик 0.0008628127696289905 0.0 0.0
ди 0.0025884383088869713 0.0 0.0
друг 0.001725625539257981 0.0 0.0
тыс 0.001725625539257981 2.407945608651872 0.004155212439433773
внутренний 0.0008628127696289905 4.605170185988092 0.003973399642785239
часть 0.001725625539257981 0.0 0.0
указ 0.001725625539257981 0.0 0.0
у 0.001725625539257981 0.0 0.0
ещё 0.001725625539257981 0.0 0.0
всё 0.0008628127696289905 0.0 0.0
как 0.001725625539257981 0.0 0.0
риа 0.003451251078515962 0.0 0.0
при 0.0008628127696289905 0.127833371509885 0.00011029626532345556
что 0.0008628127696289905 0.0 0.0
бе 0.0008628127696289905 0.19845093872383823 0.00017122600407578796
источник 0.0008628127696289905 0.0 0.0
персональный 0.0008628127696289905 0.0 0.0
инструмент 0.001725625539257981 0.0 0.0
мой 0.001725625539257981 0.0 0.0
представиться 0.0008628127696289905 0.0 0.0
система 0.0025884383088869713 0.0 0.0
вклад 0.0008628127696289905 0.0 0.0
предлагать 0.0008628127696289905 0.0 0.0
создать 0.004314063848144953 0.0 0.0
учётный 0.001725625539257981 0.0 0.0
войти 0.001725625539257981 0.0 0.0
хотя 0.0008628127696289905 0.0 0.0
обязательно 0.0008628127696289905 0.0 0.0
здесь 0.0008628127696289905 0.0 0.0
зарегистрироваться 0.0008628127696289905 0.0 0.0
необязательно 0.0008628127696289905 0.0 0.0
имя 0.0008628127696289905 0.0 0.0
изменить 0.0008628127696289905 0.0 0.0
вариант 0.0008628127696289905 0.0 0.0
изменение 0.003451251078515962 0.0 0.0
посмотреть 0.001725625539257981 0.0 0.0
текст 0.0025884383088869713 0.0 0.0
большой 0.0008628127696289905 0.0 0.0
искать 0.0025884383088869713 0.0 0.0
найти 0.001725625539257981 0.0 0.0
содержать 0.0008628127696289905 0.0 0.0
указанный 0.0008628127696289905 0.0 0.0
точность 0.0008628127696289905 0.0 0.0
такой 0.0008628127696289905 0.0 0.0
название 0.0008628127696289905 0.0 0.0
считаться 0.0008628127696289905 0.0 0.0
избранный 0.0008628127696289905 0.0 0.0
случайно 0.0008628127696289905 0.0 0.0
выбрать 0.0008628127696289905 0.0 0.0
случайный 0.0008628127696289905 0.0 0.0
поддержать 0.0008628127696289905 0.0 0.0
пожертвовать 0.0008628127696289905 0.0 0.0
ошибка 0.001725625539257981 0.0 0.0
о 0.0008628127696289905 0.0 0.0
заниматься 0.0008628127696289905 0.0 0.0
сообщество 0.0008628127696289905 0.0 0.0
форум 0.001725625539257981 0.0 0.0
свежий 0.0008628127696289905 0.0 0.0
расположение 0.0008628127696289905 0.0 0.0
справка 0.001725625539257981 0.0 0.0
печать 0.001725625539257981 0.0 0.0
белорусский 0.0008628127696289905 0.9675840262617057 0.0008348438535476322
ковы 0.0008628127696289905 0.0 0.0
википести 0.001725625539257981 0.0 0.0
сан 0.0008628127696289905 0.0 0.0
украинский 0.0008628127696289905 0.6931471805599453 0.0005980562386194523
ву 0.0008628127696289905 0.05129329438755048 4.425650939391759e-05
конфиденциальность 0.0008628127696289905 0.0 0.0
описание 0.0008628127696289905 0.0 0.0
отказ 0.0008628127696289905 0.0 0.0
ответственность 0.0008628127696289905 0.0 0.0
контакт 0.0008628127696289905 0.0 0.0
связаться 0.0008628127696289905 0.0 0.0
мобильный 0.0008628127696289905 0.0 0.0
разработчик 0.0008628127696289905 0.0 0.0
статистика 0.0008628127696289905 0.0 0.0
заявление 0.0008628127696289905 0.0 0.0
кук 0.0008628127696289905 0.0 0.0
